1056,217,2.4238567006599205
1059,5,3.1978884188828656
1059,1835,3.0070460461358945
1060,1228,3.0755813953488373
1060,1223,3.0755813953488373
1060,1227,2.5755813953488373
1060,1348,3.0070460461358945
1060,897,2.5095623187454414
1064,1836,3.4439102564102564
1064,540,3.013303212851406
1064,455,3.26085862188277
1064,882,2.5695014827101237
1065,1837,3.0070460461358945
1065,1838,3.0070460461358945
1065,1839,3.0070460461358945
1065,1840,3.0070460461358945
1065,1830,3.0070460461358945
1065,1841,3.0070460461358945
1065,1488,3.4537176277233703
1065,1756,3.4679416620803525
1069,244,2.8435709048020272
1076,1842,2.3974358974358974
1085,1654,0.529040404040404
1095,84,2.9062149548856646
1102,1843,3.0070460461358945
1102,1844,2.5517241379310347
1104,763,4.0
1104,635,3.6482469512195124
1104,624,3.6482469512195124
1104,1369,3.9931988742964353
1104,87,3.0070460461358945
1104,1845,3.0070460461358945
1104,633,3.6482469512195124
1104,804,3.0070460461358945
1104,639,2.1482469512195124
1104,636,3.883240472476344
1104,629,3.6482469512195124
1104,646,3.6482469512195124
1104,644,3.6482469512195124
1104,648,3.6482469512195124
1104,1846,3.0070460461358945
1104,652,2.6482469512195124
1104,1544,4.0
1104,621,3.6482469512195124
1111,1847,3.0070460461358945
1114,1848,3.0070460461358945
1118,1849,3.0070460461358945
1124,210,2.365299800873194
1124,1850,3.0070460461358945
1133,563,3.462939567553034
1133,407,0.5
1140,1852,3.0070460461358945
1140,1853,3.0070460461358945
1147,706,2.598194284598308
1147,604,2.9987541051040387
1147,345,2.8989541550038003
1147,733,2.471860186470884
1147,1854,3.0070460461358945
1147,484,3.9755340756982096
1147,684,2.491576622676324
1147,598,2.9569244177541067
1147,1589,3.0070460461358945
1147,587,0.7800801124023056
1147,655,2.8252771925721696
1147,932,2.268663976011295
1147,316,3.790236660922496
1147,1007,2.479272648743502
1147,584,3.017936496172007
1149,447,2.9472713451308734
1149,1404,4.0
1149,1401,4.0
1149,1405,3.2163461538461537
1149,1043,2.6821306842201773
1153,638,4.0
1153,620,4.0
1153,430,2.5702989224887034
1153,194,2.484577672669637
1153,502,3.8987048962531246
1153,471,3.5702989224887034
1153,470,2.5702989224887034
1153,481,3.0702989224887034
1153,427,3.673041490486165
1153,514,4.0
1153,505,2.7269811879835775
1153,438,2.9116659071581403
1153,394,4.0
1153,456,4.0
1157,1390,3.6291542288557217
1157,1855,3.0070460461358945
1157,1295,2.6706375657136654
1157,1856,3.0070460461358945
1157,1478,1.8558333333333334
1157,1857,3.0070460461358945
1157,1859,3.0070460461358945
1157,1860,3.0070460461358945
1157,1028,2.3478212159310385
1157,1037,3.532610296144589
1159,1271,2.957627118644068
1160,458,3.0070460461358945
1162,1861,3.0070460461358945
1162,1863,3.0070460461358945
1162,292,3.0715259885232555
1162,1481,3.680518337045956
1163,1865,3.0070460461358945
1163,1866,3.0070460461358945
1164,1459,3.3904109589041096
1168,717,3.9194728387317457
1168,877,3.1484852168082225
1173,362,3.0429732868757258
1173,1831,2.5359634725653564
1173,1198,3.83119631774973
1173,1641,3.738095238095238
1173,1868,3.0070460461358945
1173,559,3.0070460461358945
1173,1869,3.0070460461358945
1173,1870,3.0070460461358945
1173,1871,3.0070460461358945
1173,1872,4.0
1173,1594,3.325814536340852
1173,1874,3.0070460461358945
1173,1875,3.0070460461358945
1173,1876,3.0070460461358945
1173,1877,3.0070460461358945
1173,1878,3.0070460461358945
1173,1879,3.0070460461358945
1173,1880,3.0070460461358945
1173,1881,3.0070460461358945
1173,1882,3.0070460461358945
1173,1883,3.0070460461358945
1173,1884,3.0070460461358945
1173,1885,3.0070460461358945
1174,1026,3.0070460461358945
1177,538,3.0070460461358945
1180,730,3.0070460461358945
1180,864,3.0070460461358945
1183,1448,4.0
1187,850,3.1022094595851066
1187,738,2.136194604244673
1187,365,3.1742924731220192
1187,431,2.987960963070533
1187,676,1.3695462526200546
1187,454,2.825595695616921
1187,304,2.905917529649328
1187,1867,3.503647214854112
1187,949,2.1594400514333634
1187,1886,3.0070460461358945
1187,1887,3.0070460461358945
1187,1888,3.0070460461358945
1187,1889,3.0070460461358945
1187,1530,2.012733887733888
1187,1890,3.0070460461358945
1187,1599,2.6909038380438077
1187,984,2.8862752802464655
1187,1891,3.0070460461358945
1187,1892,3.0070460461358945
1187,1893,3.0070460461358945
1187,1894,3.0070460461358945
1187,725,1.376923076923077
1187,92,2.642927299135015
1187,1895,3.0070460461358945
1187,1896,3.0070460461358945
1187,1897,3.0070460461358945
1187,1898,3.0070460461358945
1187,1899,3.0070460461358945
1187,741,1.376923076923077
1187,1900,3.0070460461358945
1187,1901,3.0070460461358945
1187,1902,3.0070460461358945
1187,130,2.357767232767233
1187,368,2.419665012406948
1187,1903,3.0070460461358945
1187,1904,3.0070460461358945
1187,1652,2.854096989966555
1187,1905,3.0070460461358945
1187,1906,3.0070460461358945
1187,1907,3.0070460461358945
1187,1440,3.0070460461358945
1187,1908,3.0070460461358945
1187,1784,0.675607287449393
1187,1909,3.0070460461358945
1187,959,3.4131032011466798
1187,1713,1.8981256085686469
1187,820,0.7836538461538463
1187,1910,3.0070460461358945
1187,1576,2.8607940530732674
1187,1911,3.0070460461358945
1187,1912,3.0070460461358945
1187,790,2.373955867083863
1187,1913,3.0070460461358945
1187,1914,3.0070460461358945
1187,1915,3.0070460461358945
1187,1916,3.0070460461358945
1187,1917,3.0070460461358945
1187,1918,3.0070460461358945
1187,682,2.876923076923077
1187,1783,3.675607287449393
1187,359,2.94013894865136
1187,685,0.5
1187,1919,0.5
1187,1920,3.0070460461358945
1187,1921,3.0070460461358945
1187,1922,3.0070460461358945
1187,943,2.483007911526752
1187,1820,3.419665012406948
1187,1923,3.0070460461358945
1187,1204,2.9385988183035496
1187,1924,3.0070460461358945
1187,1925,3.358173076923077
1187,1585,3.0070460461358945
1187,1926,3.0070460461358945
1187,132,3.0070460461358945
1187,1927,3.0070460461358945
1189,423,2.7408829342644
1199,1116,4.0
1199,610,4.0
1199,308,4.0
1199,699,3.8826528340567723
1199,1858,4.0
1199,1516,3.753834092490676
1199,1035,4.0
1199,343,3.7175901113884655
1199,1321,3.1752590559879006
1199,1605,3.7177192982456138
1199,926,3.6478779440545925
1200,1928,3.0070460461358945
1200,1929,3.0070460461358945
1200,1930,3.0070460461358945
1200,1931,3.0070460461358945
1200,1748,3.0070460461358945
1201,1932,3.2185185185185183
1201,1933,3.0070460461358945
1208,1934,3.0070460461358945
1208,1935,3.0070460461358945
1208,1022,2.413631022326675
1208,1023,2.9811959512384503
1208,1021,2.913631022326675
1212,1036,3.6967582432960207
1212,202,2.6866133866133866
1212,24,3.2994539647795493
1212,1279,3.2633419533070103
1212,1608,3.0070460461358945
1212,1612,3.0070460461358945
1212,1128,4.0
1212,1604,4.0
1212,1603,3.0070460461358945
1212,1938,1.8340479192938206
1212,1609,3.0070460461358945
1212,443,3.0070460461358945
1212,1940,1.8340479192938206
1212,1941,2.8340479192938206
1212,1596,3.0070460461358945
1212,1943,2.8340479192938206
1212,1617,3.0070460461358945
1212,1611,3.0070460461358945
1212,1747,3.3340479192938206
1212,1595,3.0070460461358945
1212,1600,3.0070460461358945
1212,1946,3.3340479192938206
1212,1610,3.0070460461358945
1212,1619,3.0070460461358945
1212,183,2.9701791135213296
1212,1125,4.0
1212,530,4.0
1212,1607,3.0070460461358945
1212,1615,3.0070460461358945
1214,1950,3.0070460461358945
1214,1951,3.0070460461358945
1223,1952,3.0070460461358945
1235,255,2.7009600464595453
1235,243,2.298991383085126
1238,236,3.8548394303117695
1241,253,2.5346410039664455
1244,1954,3.0070460461358945
1244,1955,3.0070460461358945
1244,1956,3.0070460461358945
1244,1957,3.0070460461358945
1249,1958,3.0070460461358945
1249,1959,3.0070460461358945
1249,61,0.5015767725097868
1249,1960,3.0070460461358945
1249,1961,3.0070460461358945
1249,179,2.501576772509787
1249,152,3.501576772509787
1249,919,3.345049780915801
1249,1124,3.0070460461358945
1249,1581,3.566632928475034
1249,1583,2.566632928475034
1249,72,2.501576772509787
1249,149,3.501576772509787
1249,40,4.0
1249,1962,3.0070460461358945
1249,1963,3.0070460461358945
1249,1964,3.0070460461358945
1249,32,2.001576772509787
1249,1965,3.8364890885750964
1249,98,2.501576772509787
1249,67,4.0
1249,141,3.047679673385902
1249,1580,2.566632928475034
1249,158,4.0
1249,1966,3.0070460461358945
1249,1579,1.566632928475034
1249,65,0.5015767725097868
1249,1967,3.0070460461358945
1249,113,1.0015767725097868
1249,124,3.501576772509787
1249,1570,2.566632928475034
1249,1968,3.0070460461358945
1255,1182,3.3684052373649043
1255,1969,3.0070460461358945
1257,463,4.0
1264,262,3.0070460461358945
1269,1970,3.0070460461358945
1269,1971,3.0070460461358945
1269,1972,3.0070460461358945
1270,712,3.039426281277716
1270,449,2.272679874869656
1274,245,3.18045255127159
1277,1973,3.0070460461358945
1281,121,3.1465543594058416
1287,939,3.7424301242236027
1288,668,3.050379608939334
1288,678,3.1761570130123857
1288,1275,3.881820614204028
1288,1801,3.228888888888889
1288,1974,3.0070460461358945
1288,1975,2.992167577413479
1288,1030,3.0070460461358945
1288,1203,3.9302681992337165
1288,1201,3.4302681992337165
1289,240,2.5441314494838494
1289,178,3.4624770862793497
1292,1976,3.0070460461358945
1294,1977,3.0070460461358945
1296,10,3.6009731824468263
1297,1591,3.7652519893899203
1297,1978,3.0070460461358945
1298,1979,3.0070460461358945
1299,1981,3.0070460461358945
1304,13,2.7797810872650763
1307,1982,3.0070460461358945
1313,1598,3.0070460461358945
1325,1218,3.0070460461358945
1325,549,3.0070460461358945
1328,11,4.0
1328,565,3.0070460461358945
1328,1767,3.0070460461358945
1328,985,3.0070460461358945
1330,1864,3.0070460461358945
1330,1556,3.0070460461358945
1330,1555,3.0070460461358945
1333,799,2.6664515339405597
1333,289,3.0057868442391498
1333,344,2.7561971030643537
1333,1873,2.960180623973727
1333,1368,3.088686820973075
1333,1638,3.0070460461358945
1333,1983,3.0070460461358945
1333,1675,2.4482758620689653
1333,1057,2.588686820973075
1333,1342,3.0070460461358945
1333,198,3.851168424052436
1333,1984,3.0070460461358945
1333,1985,3.0070460461358945
1333,1740,3.0070460461358945
1333,1986,3.0070460461358945
1333,1987,3.0070460461358945
1333,1988,3.0070460461358945
1333,1989,3.0070460461358945
1333,1990,3.0070460461358945
1333,1732,3.0070460461358945
1333,1991,3.0070460461358945
1333,1992,3.0070460461358945
1333,1993,3.0070460461358945
1333,1994,3.0070460461358945
1333,1996,3.0070460461358945
1333,1997,3.0070460461358945
1333,1998,3.0070460461358945
1333,1999,3.0070460461358945
1333,2000,3.0070460461358945
1333,2001,3.0070460461358945
1333,2002,3.0070460461358945
1333,2003,3.0070460461358945
1333,2004,3.0070460461358945
1333,1451,2.588686820973075
1333,2005,3.0070460461358945
1333,2006,3.0070460461358945
1333,2007,3.0070460461358945
1333,2008,3.0070460461358945
1333,2009,3.0070460461358945
1333,2010,3.0070460461358945
1333,560,2.4258741387506157
1333,2011,3.0070460461358945
1333,358,3.0070460461358945
1333,2012,3.0070460461358945
1333,2013,3.0070460461358945
1333,2014,3.0070460461358945
1333,2015,3.0070460461358945
1333,2016,3.0070460461358945
1333,2017,3.0070460461358945
1333,367,3.0070460461358945
1333,2018,3.0070460461358945
1333,2019,3.0070460461358945
1333,2020,3.0070460461358945
1333,2021,3.0070460461358945
1333,2022,3.0070460461358945
1333,2023,3.0070460461358945
1333,2024,3.0070460461358945
1336,332,3.909090909090909
1336,536,3.2271257592508404
1336,274,2.4989383210457787
1336,2025,3.0070460461358945
1336,2026,3.0070460461358945
1336,2027,3.0070460461358945
1336,2028,3.0070460461358945
1336,2029,3.0070460461358945
1336,888,3.0070460461358945
1336,2030,3.0070460461358945
1336,38,3.0070460461358945
1336,2031,3.0070460461358945
1344,1637,3.0070460461358945
1355,593,2.218624453992445
1355,442,2.5162439908312875
1355,522,2.4655874883326443
1357,709,3.7995887108958493
1359,496,4.0
1359,2032,3.0070460461358945
1361,100,3.528159340659341
1365,1695,3.0070460461358945
1374,2033,3.0070460461358945
1374,476,4.0
1382,2034,3.0070460461358945
1382,2035,3.0070460461358945
1382,2036,3.0070460461358945
1383,1542,3.1644187352771476
1383,1851,4.0
1383,461,1.9908038096734255
1383,2037,3.0070460461358945
1383,2038,3.0070460461358945
1383,1176,3.4210526315789473
1386,696,3.157848286780899
1386,1862,3.0070460461358945
1386,816,3.7462044534412953
1386,824,3.7462044534412953
1386,829,0.5
1386,817,3.7462044534412953
1386,838,2.2462044534412953
1386,825,3.7462044534412953
1386,69,2.9973764334306097
1386,811,3.457806579943032
1386,809,3.7462044534412953
1387,207,2.9518392339920188
1387,1788,3.0070460461358945
1388,251,1.8955741753299309
1388,212,1.9961088501154431
1388,1995,3.0070460461358945
1397,787,3.0070460461358945
1397,2039,3.0070460461358945
1397,1267,3.0070460461358945
1397,2040,3.0070460461358945
1398,347,3.8151593130105947
1398,872,2.3153274580696674
1398,1661,3.748174073686963
1398,898,3.612076181049054
1398,1039,3.7355072463768115
1398,2041,3.0070460461358945
1398,2042,3.0070460461358945
1398,2043,3.0070460461358945
1402,554,2.718390804597701
1402,2044,3.0070460461358945
1406,1359,3.4644667610612463
1406,693,2.259263056204036
1406,1357,0.5
1406,333,3.0070460461358945
1406,321,3.0070460461358945
1406,331,3.0070460461358945
1406,323,3.0070460461358945
1406,327,3.0070460461358945
1406,328,3.0070460461358945
1406,557,1.717948717948718
1406,319,4.0
1406,329,3.0070460461358945
1407,1523,2.010810810810811
1415,2046,3.0070460461358945
1415,2047,3.0070460461358945
1415,1794,3.2066666666666666
1416,757,3.815268380443967
1417,1225,1.8467881766744287
1422,369,3.0070460461358945
1430,233,2.290329997558274
1433,1485,3.0070460461358945
1435,310,4.0
1435,826,3.0070460461358945
1435,841,3.2285809906291836
1435,812,3.0070460461358945
1435,840,3.0070460461358945
1437,1436,4.0
1437,2048,3.0070460461358945
1437,102,3.697632423756019
1439,2049,3.0070460461358945
1441,237,3.0070460461358945
1442,257,2.6623281300273947
1443,2050,3.0070460461358945
1451,2051,3.0070460461358945
1452,1038,2.2914849433920264
1452,2053,3.0070460461358945
1452,1760,3.0070460461358945
1452,2054,3.0070460461358945
1452,2055,3.0070460461358945
1452,2056,3.0070460461358945
1452,2057,3.0070460461358945
1452,2058,3.0070460461358945
1459,781,2.712534864322105
1459,273,2.828916785350119
1466,2059,3.0070460461358945
1466,1081,4.0
1468,1297,3.8020594965675056
1468,1294,4.0
1468,1296,2.8020594965675056
1478,2060,3.0070460461358945
1478,1497,3.0070460461358945
1481,1568,3.0070460461358945
1481,2061,3.0070460461358945
1481,2062,3.0070460461358945
1481,2063,3.0070460461358945
1485,2064,3.0070460461358945
1485,2065,3.0070460461358945
1490,1340,3.0070460461358945
1491,1392,3.7108208955223883
1491,623,3.420766106546918
1491,59,3.337278992222644
1491,1711,2.173076923076923
1491,1953,3.0070460461358945
1491,596,3.186111111111111
1491,1657,3.0070460461358945
1491,2052,3.0070460461358945
1491,1659,3.0070460461358945
1493,1980,3.0070460461358945
1493,586,4.0
1493,1729,3.0070460461358945
1493,1687,3.0070460461358945
1495,268,2.162888536469845
1496,267,3.3532970277947043
1496,1936,2.1659520807061794
1496,1937,3.7087849925601657
1496,1939,0.6659520807061794
1496,1832,1.7241946219389983
1496,1942,4.0
1496,1802,4.0
1496,1944,3.6659520807061794
1496,1945,1.6659520807061794
1496,1947,4.0
1496,1948,3.6659520807061794
1496,1949,2.1659520807061794
1497,2066,3.0070460461358945
1497,2067,3.0070460461358945
1497,2068,3.0070460461358945
1497,2069,3.0070460461358945
1497,2070,3.0070460461358945
1504,400,3.6023588534084356
1504,1724,3.0070460461358945
1504,2071,3.0070460461358945
1505,1379,4.0
1505,2045,3.0070460461358945
1505,497,2.611575704225352
1505,887,4.0
1508,751,1.5857142857142854
3,70,2.1903499957656445
3,20,2.7865579096702886
3,167,3.5692348617908065
3,170,0.9984232274902132
3,171,1.9984232274902132
3,46,1.9984232274902132
3,25,2.998423227490213
3,36,0.5
3,156,0.5
3,154,2.998423227490213
3,42,3.2566637265949727
3,157,2.348544221525943
3,128,2.998423227490213
3,191,2.998423227490213
3,119,1.4984232274902132
3,120,3.498423227490213
3,122,2.498423227490213
3,125,0.5
3,37,3.998423227490213
3,199,3.8867899776990686
3,51,3.851845430727894
3,81,3.2119333934924454
3,134,3.1632561375734305
3,19,2.0268827189154055
3,23,3.0070460461358945
3,34,2.502951593860685
3,35,3.502951593860685
3,39,3.0268827189154055
3,47,3.0070460461358945
3,48,3.0268827189154055
3,49,2.5268827189154055
3,52,4.0
3,57,2.502951593860685
3,60,2.502951593860685
3,62,2.0268827189154055
3,71,3.0226061349659066
3,75,2.502951593860685
3,86,3.002951593860685
3,89,3.002951593860685
3,90,2.5268827189154055
3,94,3.0268827189154055
3,95,4.0
3,97,4.0
3,99,1.0268827189154055
3,101,3.0070460461358945
3,105,4.0
3,106,2.0268827189154055
3,107,3.502951593860685
3,111,3.0070460461358945
3,112,3.0268827189154055
3,114,2.502951593860685
3,117,3.002951593860685
3,118,3.502951593860685
3,131,3.002951593860685
3,138,3.0070460461358945
3,139,3.002951593860685
3,140,3.0070460461358945
3,142,3.0070460461358945
3,145,3.0268827189154055
3,147,3.002951593860685
3,153,3.502951593860685
3,161,2.502951593860685
3,163,2.002951593860685
3,165,3.5268827189154055
3,174,2.5268827189154055
3,176,2.0268827189154055
3,180,2.934826736262143
3,185,3.0070460461358945
3,186,3.502951593860685
3,190,3.0268827189154055
3,200,3.002951593860685
3,201,2.502951593860685
5,208,3.0070460461358945
6,209,4.0
13,222,3.0070460461358945
13,224,3.0070460461358945
13,225,3.0070460461358945
13,226,3.0070460461358945
13,229,3.0070460461358945
19,238,3.0070460461358945
24,258,3.0070460461358945
25,213,3.0090882636346774
26,260,3.0070460461358945
27,261,3.0070460461358945
28,235,2.4930321779071614
29,307,3.427179630455453
29,290,3.0040179253652894
29,269,3.0070460461358945
29,305,2.1111494019652244
29,271,3.0070460461358945
29,272,3.0070460461358945
29,276,3.0070460461358945
29,277,3.0070460461358945
29,285,3.0070460461358945
29,288,3.0070460461358945
29,295,2.934306750989475
29,298,3.962878787878788
29,303,2.5956500095579447
29,306,3.0070460461358945
38,312,3.0070460461358945
51,326,3.0070460461358945
51,320,3.0070460461358945
51,317,3.0070460461358945
51,324,3.0070460461358945
51,315,3.0070460461358945
51,334,3.0070460461358945
56,338,4.0
58,340,3.0070460461358945
63,346,3.0070460461358945
65,349,3.0070460461358945
66,351,0.5
78,373,2.5321507760532147
78,377,3.0070460461358945
78,371,3.0070460461358945
78,353,3.0070460461358945
78,354,3.0070460461358945
78,357,3.0070460461358945
78,364,3.0070460461358945
78,370,3.0070460461358945
78,374,3.0070460461358945
78,375,3.0070460461358945
78,380,3.0070460461358945
78,381,3.0070460461358945
79,415,3.5325149303251493
79,451,3.0048526689378665
79,406,3.0070460461358945
79,436,3.0637106790331194
79,483,2.9297010775112966
79,402,2.9297010775112966
79,417,2.4297010775112966
79,422,1.4297010775112966
79,457,2.9297010775112966
79,418,2.9297010775112966
79,485,2.4297010775112966
79,503,2.9297010775112966
79,504,2.4297010775112966
79,309,2.8232025427584255
79,500,3.0070460461358945
79,361,2.2396827624929814
79,426,2.654689429433509
79,490,2.0586442866751993
79,395,3.0070460461358945
79,401,3.0070460461358945
79,464,3.0070460461358945
79,439,3.227320125130344
79,433,1.0051651614499568
79,495,3.0070460461358945
79,387,3.0070460461358945
79,396,3.1378083710616282
79,413,3.0070460461358945
79,420,3.0070460461358945
79,462,3.0070460461358945
79,466,3.0070460461358945
79,469,3.0070460461358945
79,487,2.7524166502268694
79,506,3.0070460461358945
79,507,3.0070460461358945
79,515,3.0070460461358945
81,529,2.1915336316764855
81,525,3.357222205809916
81,526,3.1254310344827583
81,543,3.0550675675675674
81,546,3.0070460461358945
81,547,3.0070460461358945
91,555,3.8752535496957408
91,567,3.0070460461358945
91,552,3.0070460461358945
91,553,3.0070460461358945
91,556,3.0070460461358945
91,558,3.0070460461358945
91,561,3.0070460461358945
91,562,3.0070460461358945
91,566,3.0070460461358945
91,568,3.0070460461358945
91,570,3.0070460461358945
91,571,3.0070460461358945
91,573,3.0070460461358945
91,576,3.0070460461358945
95,577,3.557142857142857
95,578,3.0070460461358945
95,580,3.0070460461358945
96,581,3.0070460461358945
97,248,2.489180407846904
98,218,3.955746806195443
98,594,2.366993409734122
98,597,2.7021024561946465
98,91,3.973430843763743
101,2,3.0070460461358945
103,459,3.0070460461358945
103,384,3.0070460461358945
109,601,3.0070460461358945
109,602,3.0070460461358945
109,603,3.0070460461358945
110,605,3.0070460461358945
112,609,2.80331571792096
112,608,1.8850267379679142
114,216,2.66544524566529
127,612,2.75
128,599,1.0446088794926003
133,619,3.0070460461358945
136,632,3.8517530487804876
136,637,4.0
136,103,3.733081179227666
136,626,3.3517530487804876
136,372,3.3517530487804876
136,622,3.8517530487804876
136,647,3.3517530487804876
136,627,3.3517530487804876
136,625,3.8517530487804876
136,634,3.3517530487804876
136,649,3.3517530487804876
136,651,2.8517530487804876
136,630,2.8517530487804876
136,642,3.8517530487804876
136,650,3.344951923076923
136,643,3.0070460461358945
141,653,3.0070460461358945
144,419,3.638604499806595
144,660,2.328450704225352
150,662,2.1896008403361344
150,663,2.1400728788590078
154,146,2.228238866396761
154,669,1.6662087912087915
154,665,3.0070460461358945
154,666,3.0070460461358945
154,667,3.0070460461358945
154,672,3.0070460461358945
154,674,3.0070460461358945
161,713,2.9980505194330034
161,745,2.5117568000432833
161,521,3.396070014249492
161,683,2.8959515120190185
161,749,2.075722353305836
161,265,2.785450498993191
161,617,2.9100209550747382
161,31,2.8768984718645294
161,744,2.612500419414577
161,718,2.8769141277200303
161,756,1.1235975884030276
161,732,3.2163236369934367
161,695,2.6863833220978446
161,722,2.623076923076923
161,761,2.123076923076923
161,762,2.8628852140407273
161,618,3.0310750588544995
161,703,2.623076923076923
161,742,0.9725223717393459
161,93,1.7986980458581963
161,694,1.2374913920372272
161,28,3.463292651772503
161,564,3.3687174719950903
161,692,2.2271174186885934
161,681,2.536807385963823
161,314,2.713475488860849
161,379,3.0448743739107376
161,688,1.925053042307213
161,708,1.535080534572827
161,724,0.5361801242236028
161,727,2.361458244622758
161,731,3.4403846153846156
161,737,3.0070460461358945
161,759,1.4403846153846156
161,766,1.5361801242236028
161,767,3.0070460461358945
161,768,2.536180124223603
162,770,3.0070460461358945
164,771,3.6435406698564594
164,772,3.0070460461358945
164,773,3.0070460461358945
164,774,3.0070460461358945
164,778,3.0070460461358945
164,782,3.0070460461358945
164,783,3.0070460461358945
164,785,3.0070460461358945
164,786,3.6435406698564594
164,788,3.5419183073754175
164,789,3.609777015437393
165,664,3.045727136431784
165,791,3.0070460461358945
165,792,3.0070460461358945
165,797,4.0
165,802,3.0070460461358945
165,803,3.0070460461358945
174,4,2.274726460512645
184,17,3.0070460461358945
188,760,2.674332146556303
188,412,3.9926992953232947
188,73,2.613723237467955
188,833,3.46189465631424
188,460,3.5328590954110375
188,819,3.090650045829412
188,196,2.467081993692151
188,828,2.7537955465587047
188,813,2.7537955465587047
188,815,0.7537955465587047
188,823,0.7537955465587047
188,83,2.585130223192346
188,827,3.516095317725753
188,818,3.0070460461358945
188,821,3.0070460461358945
188,822,3.512977307368588
196,250,3.188497339072277
196,843,1.5634534429643872
199,339,1.7374770358473963
199,862,0.5
199,728,2.4747761320808443
199,501,1.8030451147357667
199,478,1.8102236278274455
199,318,2.3926395766567787
199,448,1.976138880248972
199,895,2.15748824130155
199,716,1.6153714643446613
199,523,1.3791215010834135
199,855,1.9728430361561362
199,848,2.2475517890772125
199,844,3.0070460461358945
199,846,3.0070460461358945
199,849,3.0070460461358945
199,851,3.0070460461358945
199,852,1.9364406779661016
199,853,3.0070460461358945
199,854,3.0070460461358945
199,856,3.0070460461358945
199,861,1.0614406779661016
199,865,3.0070460461358945
199,867,3.0070460461358945
199,868,3.0070460461358945
199,869,3.0070460461358945
199,870,2.7883682166542925
199,871,3.0070460461358945
199,873,3.0070460461358945
199,874,3.0070460461358945
199,883,3.0070460461358945
199,884,3.0070460461358945
199,886,3.0070460461358945
199,891,3.0070460461358945
199,892,3.0070460461358945
199,894,3.0070460461358945
199,896,3.0070460461358945
199,899,1.8727623430980138
200,143,3.3333333333333335
200,193,3.655844155844156
200,901,3.0070460461358945
201,903,3.7037037037037037
201,902,3.0070460461358945
201,904,3.0070460461358945
203,907,3.0070460461358945
203,906,3.0070460461358945
203,905,3.0070460461358945
208,910,2.9404761904761907
214,8,3.5583585242782285
220,914,3.0070460461358945
221,915,3.0070460461358945
227,916,3.0070460461358945
229,404,3.0070460461358945
231,920,3.0070460461358945
232,918,3.3461538461538463
238,922,3.8225806451612905
238,921,0.6892473118279572
243,924,3.0070460461358945
243,929,2.5252252252252254
243,931,3.0070460461358945
248,934,3.0070460461358945
248,935,3.0070460461358945
264,779,2.9802598455519234
269,425,2.75497138655495
272,489,1.825992287023368
272,658,3.244110920434334
272,764,3.0425701934369074
272,835,2.9112031197206454
272,701,2.05661326838776
272,389,1.9637402335884229
272,758,2.6654308005876706
272,747,2.128137237993973
272,810,2.876612037337928
272,148,2.710914590235312
272,282,2.5545565020575647
272,983,1.7817748559642932
272,1013,3.0868967988533202
272,933,1.448712091601092
272,1006,2.3915365038241916
272,537,2.8060210644110795
272,951,2.4405835221180205
272,837,3.72881727282935
272,383,1.9804282811145923
272,595,3.252516561440993
272,948,2.8866459627329193
272,398,3.454732425642421
272,978,3.0070460461358945
272,126,3.8407795009721353
272,172,1.8213666767575574
272,296,3.3379991253114927
272,302,4.0
272,445,2.0462946979590475
272,615,3.0070460461358945
272,679,2.463819875776397
272,697,3.284097499345836
272,700,1.2385063678031436
272,704,3.4970319479178618
272,707,2.963819875776397
272,710,1.9638198757763972
272,720,1.9638198757763972
272,736,1.9638198757763972
272,740,2.626129868930966
272,889,1.3523791978102957
272,925,2.6252873575667963
272,941,1.9541721575713011
272,942,3.0070460461358945
272,946,3.0070460461358945
272,950,3.0070460461358945
272,952,3.0070460461358945
272,953,3.0070460461358945
272,954,3.0070460461358945
272,956,3.0070460461358945
272,957,3.1481948757763973
272,960,0.8563874433439649
272,962,3.0070460461358945
272,963,3.0070460461358945
272,964,3.0070460461358945
272,965,3.0070460461358945
272,967,3.0070460461358945
272,971,3.0070460461358945
272,972,3.0070460461358945
272,973,3.0070460461358945
272,974,3.0070460461358945
272,976,3.0070460461358945
272,979,3.0070460461358945
272,980,3.0070460461358945
272,982,3.0070460461358945
272,987,3.0070460461358945
272,988,3.0070460461358945
272,989,3.0070460461358945
272,990,3.0070460461358945
272,991,0.6792308346805069
272,992,3.0070460461358945
272,993,3.0070460461358945
272,994,3.0070460461358945
272,995,3.0070460461358945
272,996,3.0070460461358945
272,997,3.0070460461358945
272,998,3.0070460461358945
272,1000,3.0070460461358945
272,1001,3.856387443343965
272,1004,3.0070460461358945
272,1005,3.0070460461358945
272,1008,3.0070460461358945
272,1009,3.0070460461358945
272,1012,3.0070460461358945
272,1015,3.0070460461358945
273,1017,3.7135108146454585
278,1018,4.0
278,579,1.6351131043739962
278,1020,2.586368977673325
280,239,1.899673926390408
283,1024,3.0070460461358945
283,1025,3.0070460461358945
284,911,2.5595238095238093
284,1033,3.0070460461358945
284,1032,3.0070460461358945
284,909,4.0
284,912,4.0
298,1040,3.609039548022599
298,337,2.9623053418469714
300,1046,2.2185359589041096
300,1060,2.7185359589041096
300,1011,2.7185359589041096
300,1061,2.2185359589041096
300,1045,2.7185359589041096
300,1047,2.2185359589041096
300,1049,2.7020197382061726
300,1050,1.7185359589041096
300,1058,2.2185359589041096
300,1065,1.7185359589041096
300,1066,2.7185359589041096
300,1067,1.7185359589041096
304,187,3.0070460461358945
305,350,3.0070460461358945
306,1069,3.0070460461358945
307,453,2.0024044707239965
307,1072,3.1498056940103067
307,1070,3.752232142857143
307,1071,3.0070460461358945
308,1109,1.7416001745928305
308,659,2.1105572908480816
308,930,1.5267831540478825
308,1101,3.402660406885759
308,611,3.350391702144792
308,291,2.768237610950692
308,1112,1.8020756115641219
308,263,3.0070460461358945
308,1084,3.0070460461358945
308,1086,1.9590191752927204
308,1088,2.341549295774648
308,1089,2.3137715179968703
308,1094,3.0070460461358945
308,1095,1.3137715179968703
308,1096,3.0070460461358945
308,1100,2.7713245766735244
308,1103,3.182458386683739
308,1106,1.9590191752927204
308,1107,2.3137715179968703
308,1111,3.0070460461358945
308,1113,2.8137715179968703
308,1115,2.8137715179968703
308,1117,3.0070460461358945
308,1119,3.682458386683739
308,1120,3.0070460461358945
310,657,3.170519968459363
310,116,3.0070460461358945
310,446,3.0070460461358945
310,1122,2.996031746031746
312,1059,3.032491673586163
313,1126,0.9414529914529917
313,1127,3.9414529914529917
313,1130,2.4414529914529917
313,1129,1.4414529914529917
313,834,3.9943677538339477
316,1131,3.0070460461358945
316,1132,3.0070460461358945
316,1133,3.0070460461358945
316,1135,3.0070460461358945
316,1138,3.0070460461358945
316,1140,3.0070460461358945
316,1142,3.0070460461358945
316,1143,3.0070460461358945
316,1144,3.0070460461358945
316,1147,3.0070460461358945
316,1149,3.0070460461358945
316,1151,3.0070460461358945
316,1153,3.0070460461358945
316,1158,3.0070460461358945
317,366,3.0070460461358945
317,575,1.4681372549019605
317,1160,3.0070460461358945
317,1161,3.0070460461358945
317,1162,3.0070460461358945
317,1163,3.0070460461358945
320,631,4.0
320,1171,3.6572172175875743
320,1169,4.0
320,1170,2.4846889952153113
320,1172,2.9846889952153113
320,1175,3.0070460461358945
320,1180,3.0070460461358945
323,15,2.8825266185067164
323,494,3.671814220640128
323,592,1.4228584882846094
323,26,3.2750946127622442
323,1193,4.0
323,711,1.8641489046583215
323,734,1.352648448604162
323,686,2.611769012982787
323,1189,4.0
323,743,1.8797310337967421
323,765,2.6341233690389534
323,858,3.094548904660464
323,1165,1.0132783882783882
323,1184,3.0070460461358945
323,1185,3.0070460461358945
323,1186,3.0070460461358945
323,1188,3.0070460461358945
323,1190,3.0070460461358945
323,1191,3.0070460461358945
323,1192,3.0070460461358945
339,1196,3.0070460461358945
346,205,3.373851501211322
346,1010,3.7656701279027196
347,29,3.2266483516483513
347,96,4.0
347,1197,3.0070460461358945
347,33,3.0070460461358945
347,74,3.0070460461358945
347,79,3.0070460461358945
347,109,3.0070460461358945
347,133,3.0070460461358945
347,164,3.0070460461358945
347,195,3.0070460461358945
355,480,2.6692509263021456
355,473,3.454001778314019
355,510,2.068524283604693
355,341,2.3314635079751063
355,488,2.895814555487193
355,452,2.4648904084918573
355,378,2.4946161048689137
355,405,3.451560549313358
355,729,3.3428884996841868
355,409,3.0070460461358945
355,411,3.0070460461358945
355,516,2.9822078958605545
361,793,3.5470440717659377
361,794,3.454272863568216
361,796,3.954272863568216
361,800,1.954272863568216
361,1205,3.0070460461358945
364,1118,4.0
366,3,3.2964753475369797
369,1207,3.0070460461358945
370,1,3.1096078282853554
370,1208,3.0070460461358945
371,1209,3.0070460461358945
380,1211,3.0070460461358945
382,1213,2.30625
386,1214,3.0070460461358945
386,1215,3.0070460461358945
387,1216,3.0070460461358945
387,1217,3.0070460461358945
392,159,3.0070460461358945
396,878,3.4244186046511627
396,1224,2.9244186046511627
396,1226,1.4244186046511627
396,391,3.6555591390806397
396,1229,2.9244186046511627
396,830,4.0
396,1194,3.5576613956245295
396,297,3.7622976924783798
396,1222,2.8849449204406366
396,392,3.1388645620514697
396,885,3.0070460461358945
396,492,3.841085271317829
396,831,4.0
397,1232,3.0070460461358945
397,1233,3.0070460461358945
402,1237,1.4782608695652173
402,1235,3.0070460461358945
402,1240,3.0070460461358945
402,1243,3.0070460461358945
402,1244,3.0070460461358945
402,1245,3.0070460461358945
402,1246,3.0070460461358945
402,1247,3.0070460461358945
402,1250,3.0070460461358945
412,735,2.647366448959834
412,1255,3.0070460461358945
413,977,3.422107994688825
420,249,2.582210559430974
422,1258,3.0070460461358945
425,219,2.510510696493337
427,1260,3.7825552825552826
428,246,3.804730747680927
433,845,2.869343285300605
433,780,1.2033333333333336
433,1263,3.0070460461358945
433,1262,3.0070460461358945
433,1230,3.0070460461358945
433,860,3.0070460461358945
433,1220,3.0070460461358945
433,1261,2.8733333333333335
433,1264,2.3733333333333335
433,1266,3.0070460461358945
433,1268,3.0070460461358945
433,1269,3.0070460461358945
433,1270,3.0070460461358945
436,286,4.0
436,512,3.8040852360853212
436,1272,3.042372881355932
452,1031,3.146803058634667
452,842,3.9850443910002333
452,1123,4.0
452,1276,4.0
452,1278,3.6323529411764706
452,1281,2.1323529411764706
456,390,3.0070460461358945
456,479,3.0070460461358945
456,517,3.0070460461358945
463,1286,3.0070460461358945
463,1287,3.0070460461358945
463,1289,3.0070460461358945
463,1291,3.0070460461358945
463,1292,3.0070460461358945
464,1178,3.702750492312617
464,1293,2.761996904024768
478,539,2.483193838124498
478,410,2.261854353207074
478,356,2.062065387119759
479,913,4.0
479,322,4.0
479,1301,3.0070460461358945
482,254,2.293035706374894
485,1303,3.0070460461358945
488,544,2.3745689655172417
489,879,2.5104219129879466
489,1304,3.0164165103189493
489,278,3.6094479115402525
489,336,3.728115442500397
489,750,3.5393474302968175
498,1305,3.0070460461358945
498,1306,3.0070460461358945
503,242,3.9135651744275766
503,352,3.145144759087335
503,938,3.7545495538766005
503,325,3.0
503,440,3.0070460461358945
503,893,4.0
503,1307,3.0070460461358945
503,1308,3.0070460461358945
503,1309,3.0070460461358945
505,256,2.874422654668417
509,1315,2.667953667953668
509,748,0.532142857142857
509,1310,3.0070460461358945
509,1311,3.0070460461358945
509,1312,3.0070460461358945
509,1314,3.0070460461358945
509,1316,3.0070460461358945
509,1317,3.0070460461358945
509,1318,3.0070460461358945
509,1319,3.0070460461358945
509,1320,3.0070460461358945
509,1322,3.0070460461358945
509,1323,3.0070460461358945
509,1324,3.0070460461358945
509,1325,3.0070460461358945
509,1326,3.0070460461358945
509,1327,3.0070460461358945
510,753,2.792470153567623
510,806,3.670175119038866
510,1328,3.0070460461358945
510,1329,3.0070460461358945
510,1331,3.0070460461358945
510,1332,3.0070460461358945
510,1333,3.0070460461358945
514,798,2.910997378207316
514,1334,3.0070460461358945
519,1212,3.0070460461358945
519,1027,3.8071738812586498
519,1336,3.0070460461358945
519,1337,3.0070460461358945
519,1338,3.0070460461358945
529,508,3.0070460461358945
530,1339,4.0
530,640,2.453125
530,645,3.453125
533,675,3.4521600749167893
533,590,2.7984824275460025
533,528,2.753862121529295
533,534,3.720975806471162
533,266,2.3377736860849727
533,531,2.2156460191704874
533,535,0.9449324324324324
533,754,3.224338251196179
535,9,2.5897755956637725
538,545,3.7565922894900736
540,1054,1.5381221764575086
540,1341,3.0070460461358945
541,689,4.0
541,150,3.362758651996849
541,1345,3.9584511023176936
541,1343,3.0070460461358945
541,1344,3.0070460461358945
541,1346,3.0070460461358945
541,1347,3.0070460461358945
546,687,0.8865384615384615
546,1349,3.0096153846153846
546,721,1.1497765943665277
546,714,2.980611486958165
550,1350,3.0070460461358945
556,880,3.315674120680513
556,1352,3.0070460461358945
556,1351,3.0070460461358945
562,482,2.3083941605839415
568,1353,3.0070460461358945
568,264,2.8676470588235294
568,1277,2.8676470588235294
568,1280,2.8676470588235294
568,1282,2.3676470588235294
568,1284,2.8676470588235294
568,1285,3.3676470588235294
569,234,3.10336659719426
570,1356,3.0070460461358945
570,1355,3.0070460461358945
570,1354,3.0070460461358945
578,656,3.955622495186028
578,85,3.0070460461358945
578,1019,2.9810890690355887
578,1362,3.0493770208132243
578,1358,3.0070460461358945
578,1361,3.0070460461358945
578,1364,3.0070460461358945
578,1365,3.057077625570776
578,1366,3.0070460461358945
582,104,3.0070460461358945
587,719,2.198038525775077
587,847,3.2256667402350088
587,582,2.6380735120924705
587,900,2.893263192220843
587,444,3.0070460461358945
587,513,3.0070460461358945
587,613,3.25
587,807,3.0070460461358945
588,670,3.0070460461358945
588,671,3.0070460461358945
588,673,3.0070460461358945
588,1370,3.0070460461358945
591,499,2.254983746966551
591,585,2.9060637026301546
591,958,3.7062997592455296
591,715,2.5351723141298805
591,284,3.4202424423841373
591,606,2.8974013770736544
591,923,2.4484352950448476
591,287,3.569487054455159
591,746,3.5508167023587305
591,1371,4.0
591,928,3.980410893454372
591,690,3.6224620584606955
605,1372,3.0070460461358945
608,1373,3.0070460461358945
614,1374,2.9985190670122175
614,1375,3.0070460461358945
616,541,1.5889781286067708
616,548,2.5905215179222343
616,376,4.0
617,1360,1.6856452726017945
626,299,3.94802426106524
626,698,2.7324352443484345
626,434,3.5962602814629814
626,160,2.7332602894433298
626,1029,3.311651178723612
626,1257,3.594445568000092
626,1388,2.9622560275545347
626,1385,3.4622560275545347
626,1384,1.6353993665865438
626,1383,2.8391419364455803
626,1387,2.6641791044776117
626,43,4.0
626,281,3.0070460461358945
626,386,1.0237296662753645
626,986,3.3745453294914918
626,1377,3.0070460461358945
626,1378,3.0070460461358945
626,1380,3.0070460461358945
626,1381,3.0070460461358945
626,1382,3.0070460461358945
626,1386,3.0070460461358945
626,1389,3.0070460461358945
626,1391,3.0070460461358945
628,607,3.294649302307837
628,1394,3.0070460461358945
629,215,3.3492205088572766
630,214,2.6753232589415554
634,600,2.4837238121086562
634,814,3.0070460461358945
640,1399,3.2836538461538463
640,1398,3.2836538461538463
640,1400,3.0070460461358945
640,1402,3.0070460461358945
640,1403,3.0070460461358945
645,1406,3.0070460461358945
647,1002,2.788095238095238
662,641,3.485664803076393
662,1177,2.897129186602871
670,450,3.0070460461358945
670,421,3.0070460461358945
670,1183,1.8391967871485941
670,468,3.023692345412333
670,1219,3.134576001868174
670,144,4.0
670,330,2.948319594166138
670,416,4.0
670,777,4.0
670,1014,3.3437102447055302
670,1074,4.0
670,1098,3.019273791057304
670,1108,1.5409808247072794
670,1134,3.0070460461358945
670,1137,3.0070460461358945
670,1139,3.0070460461358945
670,1141,3.0070460461358945
670,1145,3.0070460461358945
670,1146,3.0070460461358945
670,1148,3.0070460461358945
670,1150,3.0070460461358945
670,1152,3.0070460461358945
670,1154,3.0070460461358945
670,1155,3.0070460461358945
670,1156,3.0070460461358945
670,1157,3.0070460461358945
670,1283,3.0070460461358945
670,1313,4.0
670,1409,3.0070460461358945
670,1411,3.0070460461358945
670,1412,3.0070460461358945
670,1413,3.0070460461358945
670,1414,3.0070460461358945
670,1416,3.0070460461358945
670,1417,3.0070460461358945
670,1418,3.0070460461358945
670,1419,3.0070460461358945
670,1420,3.0070460461358945
670,1421,3.0070460461358945
670,1422,3.0070460461358945
670,1423,3.0070460461358945
670,1425,3.522941079386037
670,1426,3.0070460461358945
670,1427,3.0070460461358945
670,1429,3.0070460461358945
670,1430,3.0070460461358945
670,1431,3.846815834767642
670,1432,3.0070460461358945
670,1433,3.0070460461358945
670,1434,3.0070460461358945
670,1435,3.0070460461358945
670,1437,3.0070460461358945
670,1438,3.0070460461358945
670,1439,3.0070460461358945
671,1442,3.922979797979798
671,1441,3.0070460461358945
675,247,3.4881589828666866
680,1443,3.9617647058823526
695,1444,3.0070460461358945
697,1446,3.0070460461358945
702,477,2.8039736425231925
702,755,3.4061457091535576
702,628,2.5895539185848855
702,519,3.0098492836244617
702,1477,2.4795890410958905
702,1068,3.4430669258992714
702,1455,4.0
702,1501,4.0
702,1408,3.894372124539811
702,1486,3.0070460461358945
702,1044,3.7814640410958904
702,437,3.0070460461358945
702,498,3.0936717376625515
702,551,3.630829496413283
702,859,3.0070460461358945
702,937,3.876346751318664
702,945,4.0
702,970,3.2408508342605926
702,1041,1.2814640410958904
702,1042,3.7814640410958904
702,1048,4.0
702,1051,4.0
702,1052,4.0
702,1055,2.7452002680195053
702,1056,3.2263894836498053
702,1062,3.037857241706954
702,1063,2.2814640410958904
702,1064,3.7814640410958904
702,1363,3.257263497477253
702,1376,3.0070460461358945
702,1424,2.977058920613963
702,1447,3.0070460461358945
702,1449,3.0070460461358945
702,1450,3.0070460461358945
702,1452,3.0070460461358945
702,1453,3.0070460461358945
702,1454,3.0070460461358945
702,1456,3.0070460461358945
702,1457,3.0070460461358945
702,1458,3.0070460461358945
702,1461,3.0070460461358945
702,1462,3.0070460461358945
702,1463,3.0070460461358945
702,1464,3.0070460461358945
702,1465,3.0070460461358945
702,1466,3.0070460461358945
702,1467,3.0070460461358945
702,1468,3.0070460461358945
702,1469,3.0070460461358945
702,1470,3.0070460461358945
702,1471,3.0070460461358945
702,1472,3.0070460461358945
702,1473,3.0070460461358945
702,1474,3.0070460461358945
702,1476,3.0070460461358945
702,1479,3.0070460461358945
702,1480,3.0070460461358945
702,1482,3.0070460461358945
702,1483,3.0070460461358945
702,1484,3.0070460461358945
702,1487,3.0070460461358945
702,1489,3.0070460461358945
702,1490,3.0070460461358945
702,1491,3.0070460461358945
702,1492,3.0070460461358945
702,1493,3.0070460461358945
702,1494,3.0070460461358945
702,1495,3.0070460461358945
702,1496,3.0070460461358945
702,1498,3.0070460461358945
702,1499,2.7654331969400463
702,1500,3.0070460461358945
702,1502,3.0070460461358945
702,1503,3.0070460461358945
704,12,2.8284336572048243
708,1505,3.0070460461358945
716,211,3.4397067964894754
716,1509,3.0070460461358945
722,1510,3.0070460461358945
725,313,3.342158705915023
725,726,3.7981868153754106
725,1513,3.0070460461358945
725,677,3.0596153846153844
725,1511,3.0070460461358945
725,1512,3.0070460461358945
725,1514,3.0070460461358945
725,1515,3.0070460461358945
728,1517,4.0
732,940,4.0
732,1173,4.0
732,1518,3.0070460461358945
735,335,4.0
739,270,3.0142125367022454
739,589,3.0077548450581264
739,588,3.307065827482709
750,27,1.8347107438016526
750,68,1.8347107438016526
764,294,3.523769554780893
764,432,3.461671676073989
764,1174,3.058997079166489
764,739,2.269918661801926
764,752,2.5486159763590126
764,975,3.0070460461358945
764,1519,3.0070460461358945
769,583,2.1085495751505334
769,1121,2.997031409225332
769,1522,2.989189189189189
769,1527,0.9891891891891886
769,1533,2.489189189189189
769,1525,1.4891891891891889
769,1532,2.989189189189189
769,1521,3.489189189189189
769,311,3.0070460461358945
769,385,2.4768825568443504
769,890,2.8555403744684242
769,1506,3.0070460461358945
769,1507,3.0070460461358945
769,1508,3.0070460461358945
769,1520,2.885391720834759
769,1526,3.0070460461358945
769,1528,3.0070460461358945
769,1529,3.0070460461358945
769,1531,3.0070460461358945
771,1535,3.0070460461358945
774,836,2.9555666425244933
775,776,3.0070460461358945
790,1537,3.0070460461358945
795,403,1.559550561797753
806,1538,3.0070460461358945
806,1539,3.0070460461358945
806,1540,3.0070460461358945
808,1541,3.0070460461358945
812,1195,3.0070460461358945
812,382,3.0070460461358945
812,661,2.96102278668509
812,1016,3.0070460461358945
812,1053,3.0558035714285716
812,1543,3.0070460461358945
812,1548,3.0070460461358945
812,1549,3.0070460461358945
812,1550,3.0070460461358945
812,1551,3.0070460461358945
812,1553,3.0070460461358945
813,1554,3.0070460461358945
813,1557,3.0070460461358945
815,1166,0.5
815,1167,2.0153110047846887
815,1168,1.015311004784689
815,1179,2.0153110047846887
815,1181,0.5153110047846889
825,520,3.969760237348951
825,1562,3.2475529577059836
825,1210,1.8352842809364551
825,1234,2.3566003143006813
825,1558,3.0070460461358945
825,1560,3.0070460461358945
825,1561,3.0070460461358945
825,1563,3.0070460461358945
825,1564,3.0070460461358945
829,1396,3.0070460461358945
829,1397,3.0070460461358945
830,805,4.0
830,55,2.997048406139315
830,875,2.8715288471099436
830,169,2.569815732064977
830,300,3.5648358280677632
830,1273,3.386528725511776
830,348,4.0
830,1187,3.786922232510379
830,1567,3.0070460461358945
830,1565,4.0
830,53,4.0
830,54,4.0
830,66,4.0
830,76,0.997048406139315
830,82,3.997048406139315
830,136,4.0
830,151,4.0
830,155,4.0
830,181,4.0
830,192,4.0
830,881,2.329847991097028
830,1475,3.2345668030599537
831,486,4.0
831,1578,3.433367071524966
831,1582,2.433367071524966
831,1569,2.433367071524966
831,1574,3.1983285085833817
831,1577,3.433367071524966
831,1571,1.933367071524966
831,1572,3.933367071524966
831,1573,3.0070460461358945
831,1575,3.0070460461358945
836,1588,3.0070460461358945
836,1584,3.0070460461358945
836,1586,3.0070460461358945
837,591,1.809342827965428
838,961,3.0070460461358945
838,944,3.0070460461358945
838,968,3.0070460461358945
839,1590,4.0
839,1082,4.0
839,221,3.0070460461358945
839,223,3.0070460461358945
839,227,3.0070460461358945
839,228,3.0070460461358945
839,230,3.0070460461358945
839,231,3.0070460461358945
839,232,3.0070460461358945
839,424,3.732193732193732
841,1566,3.0070460461358945
842,388,2.52439816053057
842,1075,3.513315367191194
842,702,3.7504613004568363
842,1097,2.9958572197925464
842,408,3.0643447027265154
842,1076,3.817541613316261
842,1087,3.817541613316261
842,1077,4.0
842,1093,3.337803521434489
842,1099,3.817541613316261
842,1114,3.732252026741392
842,1593,3.0070460461358945
845,1597,2.1405415713196034
845,550,3.3363625674724995
845,1606,3.0070460461358945
845,1618,3.0070460461358945
845,1614,3.0070460461358945
845,1616,3.0070460461358945
845,1602,3.0070460461358945
845,1613,3.0070460461358945
845,1601,3.412280701754386
845,21,2.8691050680779964
845,532,3.49223824308159
847,279,4.0
847,999,3.0070460461358945
847,1620,3.0070460461358945
847,1621,3.0070460461358945
847,1622,3.0070460461358945
847,1623,3.0070460461358945
847,1624,3.0070460461358945
847,1625,3.0070460461358945
848,1628,3.0070460461358945
848,301,3.0070460461358945
848,1627,3.0070460461358945
848,1629,3.0070460461358945
849,397,3.3276939510861885
849,1256,3.265975419536834
849,1631,3.0070460461358945
849,1632,3.0070460461358945
849,1633,3.0070460461358945
849,1634,3.0070460461358945
851,6,3.057103127503081
853,1635,3.0070460461358945
858,465,3.0070460461358945
859,1636,3.0070460461358945
861,769,4.0
862,1639,3.0070460461358945
867,680,2.1433802906964727
867,1642,3.0070460461358945
883,275,4.0
883,30,4.0
883,808,3.786413998420227
883,981,3.8248164878599664
883,1643,3.0070460461358945
883,1644,3.0070460461358945
883,1645,3.0070460461358945
883,1646,3.0070460461358945
890,654,3.0070460461358945
890,775,4.0
890,784,3.200285801417975
891,1080,2.882311522017412
891,616,3.0646581909284536
891,1083,3.0070460461358945
891,1092,3.0070460461358945
891,1102,2.7968016131295586
891,1104,3.0070460461358945
891,1105,3.0070460461358945
891,1110,3.0070460461358945
892,474,1.9167419446066334
892,1136,3.0070460461358945
894,1393,3.047733419516482
894,1648,3.0070460461358945
895,491,3.0070460461358945
898,1199,3.0070460461358945
898,1290,2.7116666666666664
898,428,2.119387551088899
898,1003,3.0070460461358945
898,1202,3.0070460461358945
898,1288,3.0070460461358945
902,1649,3.0070460461358945
902,1650,3.0070460461358945
902,1651,3.0070460461358945
902,1653,3.0070460461358945
916,955,3.0070460461358945
916,1524,3.0070460461358945
917,1656,3.0070460461358945
917,467,1.6162178804218503
918,1658,3.0070460461358945
918,533,3.288647342995169
921,1221,3.686224489795918
921,1231,3.0070460461358945
921,866,3.1217385552902255
921,1660,2.375
938,220,2.740858332892451
938,723,3.3438350258866376
938,1236,3.0070460461358945
938,1238,3.0070460461358945
938,1239,3.0070460461358945
938,1241,3.0070460461358945
938,1242,3.0070460461358945
938,1248,3.0070460461358945
938,1249,3.0070460461358945
938,1251,3.0070460461358945
938,1252,3.0070460461358945
938,1253,3.0070460461358945
938,1254,3.0070460461358945
939,1395,3.0070460461358945
939,1662,3.0070460461358945
939,1663,3.0070460461358945
939,1664,3.0070460461358945
941,1274,3.0070460461358945
942,206,3.417205904648069
944,1665,3.0070460461358945
947,342,3.394821530100291
947,1367,3.371794871794872
960,475,3.0070460461358945
960,1667,3.0070460461358945
960,1668,3.0070460461358945
960,1669,3.0070460461358945
963,189,3.548076923076923
963,363,3.3615899067915413
963,1200,0.5611111111111109
963,63,3.0070460461358945
963,1670,3.0070460461358945
963,1671,3.0070460461358945
963,1672,3.0070460461358945
963,1673,2.9462025316455698
963,1674,3.0070460461358945
963,1676,3.0070460461358945
963,1677,3.0070460461358945
963,1678,3.0070460461358945
965,857,3.0635593220338984
965,1679,3.0070460461358945
965,1680,3.0070460461358945
965,1681,3.0070460461358945
969,197,3.2068695258297177
969,691,2.1627961324723275
969,572,3.3246308016877637
969,705,3.225118791123852
969,393,3.9732471731605195
969,127,1.9313993500165436
969,876,3.101874391431353
969,511,2.87890801952941
969,947,2.4625494054676174
969,1694,3.60707615687902
969,1206,3.204049279855535
969,493,0.862191628938372
969,1702,3.0070460461358945
969,1703,3.0070460461358945
969,360,2.3720433956330087
969,1299,3.0070460461358945
969,936,3.0070460461358945
969,839,2.7561120192841146
969,574,3.0070460461358945
969,801,3.0070460461358945
969,908,3.1371308016877637
969,1159,3.0070460461358945
969,1164,3.0070460461358945
969,1300,3.0070460461358945
969,1407,3.0070460461358945
969,1445,3.0070460461358945
969,1534,3.0070460461358945
969,1547,3.4198688969258586
969,1552,2.4198688969258586
969,1682,3.0070460461358945
969,1683,3.0070460461358945
969,1684,3.0070460461358945
969,1685,3.0070460461358945
969,1686,3.0070460461358945
969,1688,3.0070460461358945
969,1689,3.0070460461358945
969,1690,3.0070460461358945
969,1691,3.0070460461358945
969,1692,3.0070460461358945
969,1693,3.0070460461358945
969,1696,3.0070460461358945
969,1697,3.0070460461358945
969,1698,3.0070460461358945
969,1699,3.0070460461358945
969,1700,3.0070460461358945
969,1701,3.0070460461358945
969,1704,3.0070460461358945
969,1705,3.0070460461358945
969,1706,3.0070460461358945
969,1707,3.0070460461358945
969,1708,3.0070460461358945
969,1709,3.0070460461358945
969,1710,3.0070460461358945
969,1712,3.0070460461358945
969,1714,3.0070460461358945
969,1715,3.0070460461358945
969,1716,3.0070460461358945
969,1717,3.0070460461358945
969,1718,3.0070460461358945
969,1719,3.0070460461358945
969,1720,3.0070460461358945
969,1721,3.0070460461358945
969,1722,3.0070460461358945
969,1723,3.0070460461358945
969,1725,3.0070460461358945
969,1726,3.0070460461358945
969,1727,3.0070460461358945
969,1728,3.0070460461358945
969,1730,3.0070460461358945
969,1731,3.0070460461358945
969,1733,3.0070460461358945
969,1734,3.0070460461358945
969,1735,3.0070460461358945
969,1736,3.0070460461358945
969,1737,3.0070460461358945
969,1738,3.0070460461358945
969,1739,3.0070460461358945
969,1741,3.0070460461358945
969,1742,3.0070460461358945
969,1743,3.0070460461358945
969,1744,3.0070460461358945
969,1745,3.0070460461358945
969,1746,3.0070460461358945
969,1749,3.0070460461358945
969,1750,3.0070460461358945
969,1751,3.0070460461358945
969,1752,3.0070460461358945
969,1753,3.0070460461358945
969,1755,3.0070460461358945
969,1757,3.0070460461358945
969,1758,3.0070460461358945
969,1759,3.0070460461358945
969,1761,3.0070460461358945
969,1762,3.0070460461358945
969,1763,3.0070460461358945
978,509,3.0070460461358945
978,1335,3.0070460461358945
981,1764,1.4589743589743591
984,7,3.1496482995159
987,241,2.3699202507321626
989,1766,2.4318181818181817
989,1765,3.0070460461358945
990,1768,4.0
990,524,3.0070460461358945
990,527,3.0070460461358945
991,252,2.93938946975708
998,123,3.590392561983471
998,435,3.6860169966984215
998,472,2.3148135597731962
998,56,2.114706508552347
998,64,3.857926371483413
998,283,3.0070460461358945
998,569,3.0070460461358945
998,917,3.0070460461358945
998,1330,3.0070460461358945
998,1410,3.0931272602215687
998,1428,2.8049698795180724
998,1769,3.0070460461358945
998,1770,3.0070460461358945
998,1771,3.0070460461358945
998,1772,3.0070460461358945
998,1773,3.0070460461358945
998,1774,3.0070460461358945
998,1775,3.0070460461358945
998,1776,3.0070460461358945
998,1777,3.0070460461358945
998,1778,3.0070460461358945
998,1779,3.0070460461358945
998,1780,3.0070460461358945
998,1781,3.0070460461358945
999,1782,3.0070460461358945
999,1785,3.0070460461358945
1002,429,3.0070460461358945
1002,1754,3.0070460461358945
1002,1786,3.0070460461358945
1002,1787,3.0070460461358945
1010,1302,3.371606334841629
1010,1666,3.0070460461358945
1014,1626,1.875
1017,1259,3.0070460461358945
1017,355,3.0070460461358945
1017,1504,3.0070460461358945
1017,1536,3.0070460461358945
1017,1630,3.0070460461358945
1018,542,3.5968624953983808
1018,1265,3.1266666666666665
1018,1587,3.76
1018,1789,3.0070460461358945
1018,1790,3.0070460461358945
1018,1791,3.0070460461358945
1018,1792,3.0070460461358945
1018,1793,3.0070460461358945
1018,1795,3.0070460461358945
1018,1796,3.0070460461358945
1018,1797,3.0070460461358945
1018,1798,3.0070460461358945
1018,1799,3.0070460461358945
1018,1800,3.0070460461358945
1018,1803,3.0070460461358945
1018,1804,3.0070460461358945
1018,1805,3.0070460461358945
1019,1073,4.0
1019,1079,3.1862284820031297
1019,1085,2.1862284820031297
1019,1647,3.0070460461358945
1030,969,1.4111801242236028
1031,1640,3.0070460461358945
1033,832,3.0070460461358945
1033,1806,3.0070460461358945
1034,1655,3.7843865769974347
1034,1819,3.580334987593052
1034,1298,3.0070460461358945
1034,399,4.0
1034,441,2.230074389382292
1034,863,3.0070460461358945
1034,1090,3.87316715542522
1034,1091,4.0
1034,1415,4.0
1034,1592,4.0
1034,1807,3.0070460461358945
1034,1808,3.0070460461358945
1034,1809,3.0070460461358945
1034,1810,3.0070460461358945
1034,1811,3.0070460461358945
1034,1812,3.0070460461358945
1034,1813,3.0070460461358945
1034,1814,3.0070460461358945
1034,1815,3.0070460461358945
1034,1816,3.0070460461358945
1034,1817,3.0070460461358945
1034,1818,3.0070460461358945
1034,1821,3.0070460461358945
1034,1822,3.0070460461358945
1034,1823,3.0070460461358945
1034,1824,3.0070460461358945
1034,1825,3.0070460461358945
1034,1826,3.0070460461358945
1034,1827,3.0070460461358945
1034,1828,3.0070460461358945
1039,1034,1.3678822696922142
1039,927,2.0718151135330394
1039,1829,3.0070460461358945
1039,115,3.385124781374703
1039,1559,3.319339553646917
1039,1460,3.1235034076257135
1039,14,0.5
1039,16,3.9731172810845945
1039,18,3.9731172810845945
1039,22,1.9731172810845945
1039,41,3.9731172810845945
1039,44,3.9731172810845945
1039,45,2.4731172810845945
1039,50,3.9731172810845945
1039,58,3.9731172810845945
1039,77,3.4731172810845945
1039,78,3.9731172810845945
1039,80,2.4731172810845945
1039,88,2.4731172810845945
1039,108,0.5
1039,110,3.9731172810845945
1039,129,3.9731172810845945
1039,135,3.4731172810845945
1039,137,0.9731172810845945
1039,162,3.9731172810845945
1039,166,3.9731172810845945
1039,168,3.9731172810845945
1039,173,1.9731172810845945
1039,175,0.9731172810845945
1039,177,2.4731172810845945
1039,182,2.9731172810845945
1039,184,0.9731172810845945
1039,188,3.9731172810845945
1039,203,2.9731172810845945
1039,259,3.0070460461358945
1039,280,1.537099441872002
1039,518,3.0070460461358945
1039,614,3.3202247191011236
1039,795,3.0070460461358945
1039,1078,2.211044560474242
1040,966,3.4611801242236027
1040,1833,3.0070460461358945
1041,293,3.7602264269278187
1041,1545,3.0070460461358945
1041,1546,3.0070460461358945
1042,204,3.0070460461358945
1042,414,4.0
1042,1834,3.0070460461358945
