1050,241,2.25
1050,7,2.25
1050,206,2.25
1050,220,2.25
1050,17,2.25
1050,205,2.25
1050,4,2.25
1050,246,2.25
1050,243,2.25
1051,220,2.25
1051,17,2.25
1051,9,2.25
1052,9,2.25
1052,216,2.25
1052,255,2.25
1052,239,2.25
1052,254,2.25
1052,10,2.25
1055,215,2.25
1055,17,2.25
1055,13,2.25
1056,215,2.25
1056,213,2.25
1056,2,2.25
1056,217,2.25
1056,8,2.25
1057,17,2.25
1057,12,2.25
1060,15,2.25
1060,781,2.25
1060,1116,2.25
1060,391,2.25
1060,70,2.25
1060,1655,2.25
1060,1348,2.25
1061,252,2.25
1062,17,2.25
1062,205,2.25
1062,207,2.25
1064,213,2.25
1064,7,2.25
1064,211,2.25
1064,781,2.25
1064,501,2.25
1064,1392,2.25
1064,540,2.25
1064,455,2.25
1064,940,2.25
1065,9,2.25
1065,216,2.25
1065,257,2.25
1065,1237,2.25
1065,123,2.25
1065,352,2.25
1065,1837,2.25
1065,638,2.25
1065,719,2.25
1065,499,2.25
1066,235,2.25
1066,3,2.25
1067,2,2.25
1067,239,2.25
1067,212,2.25
1067,11,2.25
1067,4,2.25
1067,233,2.25
1068,17,2.25
1068,1542,2.25
1069,213,2.25
1069,7,2.25
1069,12,2.25
1069,217,2.25
1069,245,2.25
1069,219,2.25
1069,13,2.25
1071,250,2.25
1071,213,2.25
1071,7,2.25
1071,235,2.25
1071,254,2.25
1071,13,2.25
1071,253,2.25
1072,7,2.25
1072,235,2.25
1072,11,2.25
1072,207,2.25
1073,7,2.25
1073,245,2.25
1073,3,2.25
1073,212,2.25
1073,254,2.25
1073,13,2.25
1073,6,2.25
1073,246,2.25
1074,3,2.25
1075,9,2.25
1075,121,2.25
1075,211,2.25
1075,217,2.25
1075,239,2.25
1075,4,2.25
1076,4,2.25
1076,207,2.25
1077,251,2.25
1077,257,2.25
1077,248,2.25
1078,250,2.25
1078,5,2.25
1078,206,2.25
1078,255,2.25
1078,245,2.25
1078,13,2.25
1078,252,2.25
1078,233,2.25
1078,210,2.25
1079,7,2.25
1080,17,2.25
1080,245,2.25
1080,219,2.25
1080,212,2.25
1080,11,2.25
1080,13,2.25
1080,6,2.25
1080,246,2.25
1081,215,2.25
1081,5,2.25
1081,7,2.25
1081,214,2.25
1081,239,2.25
1081,219,2.25
1081,244,2.25
1081,257,2.25
1081,207,2.25
1081,8,2.25
1081,249,2.25
1081,247,2.25
1082,4,2.25
1082,233,2.25
1083,7,2.25
1083,12,2.25
1083,257,2.25
1083,207,2.25
1084,220,2.25
1084,2,2.25
1084,12,2.25
1085,251,2.25
1085,220,2.25
1085,12,2.25
1085,216,2.25
1085,3,2.25
1085,252,2.25
1085,4,2.25
1085,253,2.25
1086,235,2.25
1087,17,2.25
1087,236,2.25
1087,255,2.25
1087,219,2.25
1087,244,2.25
1087,210,2.25
1087,247,2.25
1088,251,2.25
1088,213,2.25
1088,7,2.25
1088,9,2.25
1088,205,2.25
1088,13,2.25
1088,207,2.25
1089,241,2.25
1089,220,2.25
1089,211,2.25
1089,10,2.25
1089,252,2.25
1089,257,2.25
1089,8,2.25
1089,248,2.25
1089,243,2.25
1090,215,2.25
1091,7,2.25
1091,1,2.25
1092,213,2.25
1092,255,2.25
1092,13,2.25
1094,215,2.25
1094,3,2.25
1094,4,2.25
1095,250,2.25
1095,236,2.25
1095,121,2.25
1095,234,2.25
1095,219,2.25
1095,11,2.25
1095,252,2.25
1095,257,2.25
1095,249,2.25
1096,250,2.25
1096,213,2.25
1096,236,2.25
1096,255,2.25
1096,239,2.25
1096,11,2.25
1096,4,2.25
1096,8,2.25
1096,243,2.25
1099,251,2.25
1099,206,2.25
1099,17,2.25
1099,236,2.25
1099,121,2.25
1099,254,2.25
1099,1,2.25
1100,5,2.25
1100,7,2.25
1100,9,2.25
1100,205,2.25
1100,10,2.25
1101,12,2.25
1101,239,2.25
1101,11,2.25
1101,706,2.25
1102,2,2.25
1102,1844,2.25
1103,13,2.25
1104,17,2.25
1104,763,2.25
1104,635,2.25
1104,627,2.25
1104,625,2.25
1104,646,2.25
1104,610,2.25
1104,644,2.25
1104,651,2.25
1104,630,2.25
1104,642,2.25
1104,480,2.25
1104,621,2.25
1105,213,2.25
1105,5,2.25
1105,3,2.25
1105,11,2.25
1108,5,2.25
1108,236,2.25
1108,9,2.25
1108,255,2.25
1108,3,2.25
1108,257,2.25
1108,207,2.25
1108,210,2.25
1109,214,2.25
1109,245,2.25
1109,239,2.25
1109,244,2.25
1109,4,2.25
1109,233,2.25
1109,210,2.25
1109,243,2.25
1110,17,2.25
1110,11,2.25
1111,4,2.25
1111,977,2.25
1111,1847,2.25
1111,388,2.25
1112,213,2.25
1112,219,2.25
1112,11,2.25
1112,1,2.25
1112,207,2.25
1113,4,2.25
1114,5,2.25
1114,12,2.25
1114,9,2.25
1114,11,2.25
1114,207,2.25
1114,6,2.25
1115,215,2.25
1115,236,2.25
1115,121,2.25
1115,3,2.25
1115,212,2.25
1115,254,2.25
1116,7,2.25
1116,254,2.25
1116,1,2.25
1116,253,2.25
1117,2,2.25
1118,250,2.25
1118,236,2.25
1118,13,2.25
1118,1,2.25
1120,213,2.25
1120,3,2.25
1120,10,2.25
1121,215,2.25
1121,241,2.25
1121,10,2.25
1121,13,2.25
1121,4,2.25
1121,207,2.25
1122,7,2.25
1122,17,2.25
1122,12,2.25
1122,9,2.25
1122,205,2.25
1122,239,2.25
1122,207,2.25
1122,246,2.25
1123,5,2.25
1123,2,2.25
1123,12,2.25
1123,8,2.25
1124,207,2.25
1124,253,2.25
1125,216,2.25
1125,255,2.25
1125,11,2.25
1126,215,2.25
1126,9,2.25
1126,255,2.25
1126,234,2.25
1126,217,2.25
1126,3,2.25
1126,11,2.25
1126,13,2.25
1126,1,2.25
1126,257,2.25
1126,233,2.25
1126,84,2.25
1127,7,2.25
1127,17,2.25
1127,235,2.25
1127,12,2.25
1127,3,2.25
1129,207,2.25
1130,215,2.25
1130,241,2.25
1130,7,2.25
1130,220,2.25
1130,9,2.25
1130,234,2.25
1130,217,2.25
1130,212,2.25
1130,252,2.25
1130,207,2.25
1130,248,2.25
1130,249,2.25
1130,256,2.25
1132,250,2.25
1132,5,2.25
1132,255,2.25
1132,245,2.25
1132,8,2.25
1133,241,2.25
1133,7,2.25
1133,9,2.25
1133,207,2.25
1133,278,2.25
1133,1831,2.25
1133,308,2.25
1133,539,2.25
1133,903,2.25
1135,7,2.25
1135,1,2.25
1137,7,2.25
1137,2,2.25
1138,215,2.25
1138,12,2.25
1138,214,2.25
1138,207,2.25
1138,246,2.25
1138,247,2.25
1139,250,2.25
1139,251,2.25
1139,213,2.25
1139,2,2.25
1139,12,2.25
1139,255,2.25
1139,239,2.25
1139,4,2.25
1139,233,2.25
1139,6,2.25
1139,256,2.25
1140,235,2.25
1140,9,2.25
1140,1,2.25
1140,233,2.25
1140,1852,2.25
1140,589,2.25
1141,17,2.25
1141,9,2.25
1141,3,2.25
1141,10,2.25
1142,241,2.25
1142,17,2.25
1142,235,2.25
1142,121,2.25
1142,216,2.25
1142,13,2.25
1142,252,2.25
1142,210,2.25
1142,246,2.25
1143,17,2.25
1143,236,2.25
1143,9,2.25
1143,255,2.25
1144,5,2.25
1144,206,2.25
1144,235,2.25
1144,12,2.25
1144,121,2.25
1144,216,2.25
1144,234,2.25
1144,211,2.25
1144,212,2.25
1144,244,2.25
1144,13,2.25
1144,246,2.25
1144,253,2.25
1144,243,2.25
1145,7,2.25
1145,17,2.25
1146,215,2.25
1146,206,2.25
1146,220,2.25
1146,9,2.25
1146,211,2.25
1146,245,2.25
1146,254,2.25
1146,1,2.25
1146,207,2.25
1146,243,2.25
1147,207,2.25
1147,391,2.25
1147,270,2.25
1147,589,2.25
1147,958,2.25
1147,830,2.25
1147,847,2.25
1147,598,2.25
1147,944,2.25
1147,680,2.25
1147,968,2.25
1147,747,2.25
1147,810,2.25
1148,5,2.25
1148,17,2.25
1148,12,2.25
1148,121,2.25
1148,3,2.25
1148,212,2.25
1148,244,2.25
1148,207,2.25
1148,233,2.25
1148,84,2.25
1148,256,2.25
1148,247,2.25
1149,17,2.25
1149,2,2.25
1149,10,2.25
1149,675,2.25
1149,447,2.25
1149,1405,2.25
1149,1398,2.25
1149,307,2.25
1149,434,2.25
1149,676,2.25
1150,236,2.25
1150,11,2.25
1150,257,2.25
1150,84,2.25
1152,241,2.25
1152,235,2.25
1152,217,2.25
1152,245,2.25
1152,219,2.25
1152,10,2.25
1152,13,2.25
1152,207,2.25
1152,233,2.25
1152,246,2.25
1152,84,2.25
1153,250,2.25
1153,7,2.25
1153,206,2.25
1153,12,2.25
1153,234,2.25
1153,10,2.25
1153,13,2.25
1153,1,2.25
1153,233,2.25
1153,781,2.25
1153,717,2.25
1153,805,2.25
1153,977,2.25
1153,347,2.25
1153,256,2.25
1153,388,2.25
1153,699,2.25
1153,847,2.25
1153,1198,2.25
1153,676,2.25
1153,620,2.25
1153,1026,2.25
1153,402,2.25
1153,419,2.25
1153,470,2.25
1153,457,2.25
1153,485,2.25
1153,705,2.25
1153,438,2.25
1154,215,2.25
1154,11,2.25
1154,10,2.25
1155,251,2.25
1155,5,2.25
1155,17,2.25
1155,12,2.25
1155,121,2.25
1155,217,2.25
1155,3,2.25
1155,212,2.25
1155,243,2.25
1156,213,2.25
1156,7,2.25
1156,12,2.25
1156,211,2.25
1156,217,2.25
1157,213,2.25
1157,5,2.25
1157,7,2.25
1157,206,2.25
1157,499,2.25
1157,699,2.25
1157,434,2.25
1157,486,2.25
1157,1109,2.25
1157,31,2.25
1157,1860,2.25
1157,806,2.25
1158,250,2.25
1158,213,2.25
1158,7,2.25
1158,236,2.25
1158,205,2.25
1158,239,2.25
1158,11,2.25
1158,253,2.25
1159,215,2.25
1159,241,2.25
1159,206,2.25
1159,17,2.25
1159,236,2.25
1159,255,2.25
1159,234,2.25
1159,205,2.25
1159,219,2.25
1159,10,2.25
1159,252,2.25
1159,207,2.25
1159,210,2.25
1159,253,2.25
1159,256,2.25
1159,734,2.25
1161,213,2.25
1161,245,2.25
1161,4,2.25
1161,207,2.25
1161,233,2.25
1162,9,2.25
1162,216,2.25
1162,239,2.25
1162,207,2.25
1162,247,2.25
1162,478,2.25
1162,127,2.25
1162,955,2.25
1163,2,2.25
1163,1865,2.25
1164,7,2.25
1164,2,2.25
1164,216,2.25
1164,234,2.25
1164,13,2.25
1164,1,2.25
1164,494,2.25
1164,347,2.25
1164,1171,2.25
1165,235,2.25
1165,210,2.25
1167,215,2.25
1167,250,2.25
1167,7,2.25
1167,17,2.25
1167,235,2.25
1167,255,2.25
1167,1,2.25
1167,6,2.25
1168,236,2.25
1169,207,2.25
1170,215,2.25
1173,235,2.25
1173,214,2.25
1173,254,2.25
1173,362,2.25
1173,1641,2.25
1173,1867,2.25
1173,1868,2.25
1173,1870,2.25
1173,1881,2.25
1173,1884,2.25
1174,299,2.25
1175,251,2.25
1175,7,2.25
1175,17,2.25
1175,235,2.25
1175,255,2.25
1175,234,2.25
1175,217,2.25
1175,212,2.25
1175,254,2.25
1175,13,2.25
1175,257,2.25
1175,4,2.25
1175,210,2.25
1175,84,2.25
1175,243,2.25
1175,247,2.25
1176,588,2.25
1178,210,2.25
1180,7,2.25
1180,499,2.25
1180,715,2.25
1180,410,2.25
1182,10,2.25
1182,13,2.25
1183,251,2.25
1183,7,2.25
1183,220,2.25
1183,4,2.25
1183,207,2.25
1183,1448,2.25
1184,213,2.25
1184,220,2.25
1184,121,2.25
1184,239,2.25
1184,13,2.25
1185,292,2.25
1186,241,2.25
1186,235,2.25
1187,206,2.25
1187,220,2.25
1187,236,2.25
1187,12,2.25
1187,255,2.25
1187,244,2.25
1187,1,2.25
1187,207,2.25
1187,866,2.25
1187,607,2.25
1187,1836,2.25
1187,638,2.25
1187,799,2.25
1187,318,2.25
1187,738,2.25
1187,510,2.25
1187,432,2.25
1187,617,2.25
1187,436,2.25
1187,702,2.25
1187,410,2.25
1187,591,2.25
1187,189,2.25
1187,1890,2.25
1187,1599,2.25
1187,1006,2.25
1187,1060,2.25
1187,310,2.25
1187,550,2.25
1187,1901,2.25
1187,722,2.25
1187,1385,2.25
1187,1652,2.25
1187,1194,2.25
1187,1628,2.25
1187,1440,2.25
1187,947,2.25
1187,1784,2.25
1187,1909,2.25
1187,761,2.25
1187,1916,2.25
1187,1917,2.25
1187,1920,2.25
1187,1924,2.25
1187,132,2.25
1187,301,2.25
1188,241,2.25
1188,7,2.25
1188,9,2.25
1188,255,2.25
1188,211,2.25
1188,217,2.25
1188,13,2.25
1189,3,2.25
1189,219,2.25
1189,1,2.25
1189,6,2.25
1190,13,2.25
1191,10,2.25
1192,7,2.25
1193,215,2.25
1193,220,2.25
1193,236,2.25
1193,9,2.25
1193,216,2.25
1193,239,2.25
1193,219,2.25
1193,254,2.25
1193,207,2.25
1193,8,2.25
1193,233,2.25
1193,210,2.25
1193,249,2.25
1194,12,2.25
1194,103,2.25
1195,2,2.25
1196,7,2.25
1197,213,2.25
1197,211,2.25
1198,215,2.25
1198,216,2.25
1198,255,2.25
1198,234,2.25
1198,212,2.25
1198,10,2.25
1198,249,2.25
1199,241,2.25
1199,12,2.25
1199,217,2.25
1199,245,2.25
1199,239,2.25
1199,3,2.25
1199,11,2.25
1199,13,2.25
1199,1,2.25
1199,252,2.25
1199,1116,2.25
1199,880,2.25
1199,638,2.25
1199,84,2.25
1199,248,2.25
1199,256,2.25
1199,313,2.25
1199,847,2.25
1199,1183,2.25
1199,275,2.25
1199,442,2.25
1199,343,2.25
1199,1605,2.25
1200,220,2.25
1200,236,2.25
1200,9,2.25
1200,8,2.25
1200,1442,2.25
1200,837,2.25
1200,348,2.25
1200,1930,2.25
1201,5,2.25
1201,7,2.25
1201,220,2.25
1201,245,2.25
1201,212,2.25
1201,233,2.25
1201,253,2.25
1201,84,2.25
1201,1932,2.25
1202,241,2.25
1202,12,2.25
1202,121,2.25
1202,214,2.25
1202,239,2.25
1202,212,2.25
1202,254,2.25
1202,13,2.25
1202,1,2.25
1202,257,2.25
1202,207,2.25
1202,8,2.25
1202,249,2.25
1203,17,2.25
1203,234,2.25
1203,8,2.25
1204,254,2.25
1205,9,2.25
1205,11,2.25
1206,5,2.25
1207,241,2.25
1208,592,2.25
1208,512,2.25
1208,746,2.25
1208,1275,2.25
1208,1018,2.25
1209,213,2.25
1209,241,2.25
1209,121,2.25
1209,217,2.25
1209,245,2.25
1209,4,2.25
1209,8,2.25
1209,246,2.25
1209,84,2.25
1209,243,2.25
1212,257,2.25
1212,4,2.25
1212,207,2.25
1212,805,2.25
1212,453,2.25
1212,167,2.25
1212,1128,2.25
1212,1938,2.25
1212,1606,2.25
1212,170,2.25
1212,1618,2.25
1212,1943,2.25
1212,1610,2.25
1212,1616,2.25
1212,1619,2.25
1212,1033,2.25
1212,1949,2.25
1212,1615,2.25
1213,7,2.25
1213,234,2.25
1214,11,2.25
1215,10,2.25
1216,11,2.25
1216,13,2.25
1217,7,2.25
1217,207,2.25
1218,250,2.25
1218,17,2.25
1218,121,2.25
1218,211,2.25
1218,217,2.25
1218,239,2.25
1218,254,2.25
1218,11,2.25
1218,13,2.25
1218,1,2.25
1218,257,2.25
1218,6,2.25
1218,210,2.25
1218,256,2.25
1218,247,2.25
1219,213,2.25
1220,2,2.25
1220,234,2.25
1220,3,2.25
1220,212,2.25
1220,13,2.25
1221,3,2.25
1222,214,2.25
1222,1,2.25
1223,220,2.25
1223,13,2.25
1223,1054,2.25
1223,1199,2.25
1224,257,2.25
1225,7,2.25
1225,206,2.25
1225,220,2.25
1225,12,2.25
1225,9,2.25
1225,216,2.25
1225,255,2.25
1225,234,2.25
1225,205,2.25
1225,214,2.25
1225,254,2.25
1225,1,2.25
1225,4,2.25
1225,8,2.25
1225,246,2.25
1225,248,2.25
1225,243,2.25
1226,250,2.25
1226,17,2.25
1226,2,2.25
1226,12,2.25
1226,9,2.25
1226,211,2.25
1226,11,2.25
1226,244,2.25
1226,10,2.25
1226,257,2.25
1226,248,2.25
1226,249,2.25
1226,256,2.25
1226,243,2.25
1228,250,2.25
1228,251,2.25
1228,3,2.25
1228,1,2.25
1228,4,2.25
1228,243,2.25
1228,247,2.25
1229,250,2.25
1229,241,2.25
1229,236,2.25
1229,246,2.25
1229,1597,2.25
1230,241,2.25
1230,206,2.25
1230,220,2.25
1230,17,2.25
1230,2,2.25
1230,12,2.25
1230,214,2.25
1230,245,2.25
1230,11,2.25
1230,257,2.25
1230,6,2.25
1230,256,2.25
1230,247,2.25
1231,241,2.25
1231,9,2.25
1231,8,2.25
1232,7,2.25
1232,12,2.25
1232,207,2.25
1233,10,2.25
1234,213,2.25
1234,7,2.25
1234,214,2.25
1234,207,2.25
1234,8,2.25
1235,241,2.25
1235,7,2.25
1235,220,2.25
1235,121,2.25
1235,234,2.25
1235,217,2.25
1235,3,2.25
1235,219,2.25
1235,11,2.25
1235,13,2.25
1235,207,2.25
1235,249,2.25
1235,243,2.25
1235,247,2.25
1236,217,2.25
1236,3,2.25
1236,10,2.25
1236,256,2.25
1237,1711,2.25
1238,215,2.25
1238,5,2.25
1238,12,2.25
1238,211,2.25
1238,245,2.25
1238,239,2.25
1238,254,2.25
1238,11,2.25
1238,244,2.25
1238,10,2.25
1238,1,2.25
1238,246,2.25
1239,9,2.25
1239,216,2.25
1239,205,2.25
1239,8,2.25
1239,233,2.25
1241,215,2.25
1241,12,2.25
1241,216,2.25
1241,234,2.25
1241,211,2.25
1241,214,2.25
1241,239,2.25
1241,219,2.25
1241,212,2.25
1241,254,2.25
1241,1,2.25
1241,4,2.25
1241,247,2.25
1242,11,2.25
1243,7,2.25
1243,235,2.25
1243,12,2.25
1243,1,2.25
1244,9,2.25
1244,254,2.25
1244,207,2.25
1244,278,2.25
1244,1955,2.25
1244,1019,2.25
1244,1357,2.25
1245,13,2.25
1246,7,2.25
1246,235,2.25
1246,205,2.25
1246,244,2.25
1246,10,2.25
1246,252,2.25
1246,207,2.25
1246,8,2.25
1246,233,2.25
1248,215,2.25
1248,236,2.25
1248,252,2.25
1249,215,2.25
1249,7,2.25
1249,206,2.25
1249,220,2.25
1249,2,2.25
1249,219,2.25
1249,207,2.25
1249,585,2.25
1249,243,2.25
1249,170,2.25
1249,1959,2.25
1249,1960,2.25
1249,395,2.25
1249,25,2.25
1249,40,2.25
1249,128,2.25
1249,464,2.25
1249,1571,2.25
1249,1967,2.25
1249,125,2.25
1250,213,2.25
1250,5,2.25
1250,216,2.25
1250,211,2.25
1251,17,2.25
1251,84,2.25
1252,215,2.25
1252,216,2.25
1252,211,2.25
1252,217,2.25
1252,3,2.25
1252,13,2.25
1252,1,2.25
1252,252,2.25
1252,257,2.25
1252,253,2.25
1252,84,2.25
1254,7,2.25
1254,2,2.25
1254,255,2.25
1254,234,2.25
1254,205,2.25
1254,239,2.25
1254,3,2.25
1254,254,2.25
1254,11,2.25
1254,207,2.25
1254,256,2.25
1255,235,2.25
1255,234,2.25
1255,219,2.25
1255,425,2.25
1255,968,2.25
1257,241,2.25
1257,7,2.25
1257,234,2.25
1257,13,2.25
1257,8,2.25
1257,210,2.25
1257,253,2.25
1257,243,2.25
1258,215,2.25
1258,213,2.25
1258,205,2.25
1258,3,2.25
1258,212,2.25
1258,13,2.25
1258,1,2.25
1258,1481,2.25
1259,235,2.25
1259,257,2.25
1261,5,2.25
1261,12,2.25
1261,121,2.25
1261,234,2.25
1261,205,2.25
1261,214,2.25
1261,13,2.25
1261,252,2.25
1261,257,2.25
1262,215,2.25
1262,213,2.25
1262,2,2.25
1262,13,2.25
1263,251,2.25
1263,206,2.25
1263,235,2.25
1263,214,2.25
1263,245,2.25
1263,212,2.25
1263,254,2.25
1263,244,2.25
1263,246,2.25
1265,11,2.25
1267,215,2.25
1267,5,2.25
1267,17,2.25
1267,205,2.25
1267,214,2.25
1267,13,2.25
1268,7,2.25
1268,17,2.25
1269,241,2.25
1269,236,2.25
1269,1971,2.25
1270,2,2.25
1270,11,2.25
1271,255,2.25
1271,217,2.25
1271,219,2.25
1271,233,2.25
1271,246,2.25
1272,215,2.25
1272,7,2.25
1272,2,2.25
1272,236,2.25
1272,207,2.25
1273,213,2.25
1273,5,2.25
1273,205,2.25
1274,215,2.25
1274,251,2.25
1274,213,2.25
1274,220,2.25
1274,235,2.25
1274,236,2.25
1274,121,2.25
1274,216,2.25
1274,234,2.25
1274,211,2.25
1274,219,2.25
1274,10,2.25
1274,13,2.25
1274,210,2.25
1274,249,2.25
1277,2,2.25
1277,236,2.25
1278,10,2.25
1278,13,2.25
1278,745,2.25
1279,5,2.25
1279,7,2.25
1279,206,2.25
1279,234,2.25
1279,245,2.25
1279,257,2.25
1279,8,2.25
1279,249,2.25
1279,243,2.25
1280,206,2.25
1280,249,2.25
1281,12,2.25
1281,84,2.25
1282,7,2.25
1282,255,2.25
1283,251,2.25
1283,213,2.25
1283,121,2.25
1283,216,2.25
1283,205,2.25
1283,244,2.25
1283,1,2.25
1283,253,2.25
1283,84,2.25
1283,247,2.25
1284,5,2.25
1284,17,2.25
1284,236,2.25
1284,12,2.25
1284,234,2.25
1284,254,2.25
1284,11,2.25
1285,215,2.25
1286,2,2.25
1286,121,2.25
1286,216,2.25
1286,211,2.25
1286,212,2.25
1286,13,2.25
1286,1,2.25
1286,233,2.25
1287,213,2.25
1287,5,2.25
1287,9,2.25
1287,11,2.25
1288,215,2.25
1288,250,2.25
1288,6,2.25
1288,253,2.25
1288,597,2.25
1288,431,2.25
1288,1801,2.25
1288,1203,2.25
1289,215,2.25
1289,241,2.25
1289,235,2.25
1289,234,2.25
1289,10,2.25
1289,253,2.25
1289,243,2.25
1289,267,2.25
1290,236,2.25
1290,11,2.25
1291,216,2.25
1291,234,2.25
1291,3,2.25
1292,250,2.25
1292,241,2.25
1292,220,2.25
1292,12,2.25
1292,121,2.25
1292,211,2.25
1292,254,2.25
1292,11,2.25
1292,6,2.25
1292,210,2.25
1292,84,2.25
1292,256,2.25
1292,243,2.25
1293,251,2.25
1293,12,2.25
1293,245,2.25
1293,11,2.25
1294,253,2.25
1295,250,2.25
1295,121,2.25
1295,216,2.25
1295,214,2.25
1295,254,2.25
1295,13,2.25
1295,210,2.25
1295,246,2.25
1295,256,2.25
1296,215,2.25
1296,7,2.25
1296,255,2.25
1296,219,2.25
1296,8,2.25
1297,211,2.25
1297,239,2.25
1297,1590,2.25
1297,1978,2.25
1299,17,2.25
1299,13,2.25
1299,406,2.25
1299,545,2.25
1299,1513,2.25
1299,1362,2.25
1300,215,2.25
1300,5,2.25
1300,9,2.25
1300,216,2.25
1300,205,2.25
1300,245,2.25
1300,239,2.25
1300,11,2.25
1300,247,2.25
1301,246,2.25
1301,256,2.25
1302,215,2.25
1302,241,2.25
1302,5,2.25
1302,7,2.25
1302,12,2.25
1302,234,2.25
1302,217,2.25
1302,205,2.25
1302,219,2.25
1302,10,2.25
1302,13,2.25
1302,1,2.25
1302,4,2.25
1302,8,2.25
1302,253,2.25
1304,215,2.25
1304,7,2.25
1304,206,2.25
1304,12,2.25
1304,121,2.25
1304,3,2.25
1304,1,2.25
1304,6,2.25
1305,4,2.25
1305,793,2.25
1307,206,2.25
1307,12,2.25
1307,9,2.25
1307,257,2.25
1307,207,2.25
1307,1982,2.25
1308,250,2.25
1308,7,2.25
1308,255,2.25
1308,217,2.25
1308,205,2.25
1308,214,2.25
1308,3,2.25
1310,206,2.25
1310,235,2.25
1310,1,2.25
1310,207,2.25
1311,7,2.25
1311,219,2.25
1311,11,2.25
1311,1,2.25
1312,207,2.25
1315,215,2.25
1315,10,2.25
1316,254,2.25
1317,220,2.25
1317,13,2.25
1317,1,2.25
1318,216,2.25
1318,234,2.25
1318,217,2.25
1318,205,2.25
1318,214,2.25
1318,239,2.25
1318,219,2.25
1318,11,2.25
1318,248,2.25
1319,7,2.25
1319,207,2.25
1321,4,2.25
1324,250,2.25
1324,216,2.25
1325,12,2.25
1325,255,2.25
1325,239,2.25
1325,11,2.25
1325,207,2.25
1325,549,2.25
1326,9,2.25
1327,17,2.25
1327,3,2.25
1328,213,2.25
1328,7,2.25
1328,313,2.25
1328,1340,2.25
1329,17,2.25
1329,10,2.25
1329,207,2.25
1329,253,2.25
1330,1556,2.25
1332,251,2.25
1332,252,2.25
1333,241,2.25
1333,211,2.25
1333,217,2.25
1333,205,2.25
1333,4,2.25
1333,905,2.25
1333,563,2.25
1333,1198,2.25
1333,1945,2.25
1333,1054,2.25
1333,1057,2.25
1333,1987,2.25
1333,1732,2.25
1333,1992,2.25
1333,1995,2.25
1333,493,2.25
1333,1998,2.25
1333,1999,2.25
1333,2003,2.25
1333,358,2.25
1333,928,2.25
1333,1649,2.25
1334,7,2.25
1334,257,2.25
1335,241,2.25
1335,5,2.25
1335,2,2.25
1335,12,2.25
1335,214,2.25
1335,254,2.25
1335,11,2.25
1335,4,2.25
1336,11,2.25
1336,958,2.25
1336,1481,2.25
1336,332,2.25
1336,1766,2.25
1336,2026,2.25
1336,2029,2.25
1336,2030,2.25
1336,2031,2.25
1338,251,2.25
1338,217,2.25
1338,214,2.25
1338,8,2.25
1338,246,2.25
1338,84,2.25
1338,249,2.25
1340,236,2.25
1341,239,2.25
1341,10,2.25
1342,251,2.25
1342,7,2.25
1342,206,2.25
1342,17,2.25
1342,2,2.25
1342,12,2.25
1342,255,2.25
1342,217,2.25
1342,1,2.25
1342,233,2.25
1342,659,2.25
1343,251,2.25
1343,2,2.25
1343,239,2.25
1343,11,2.25
1343,4,2.25
1343,253,2.25
1344,477,2.25
1344,258,2.25
1345,219,2.25
1345,1,2.25
1345,6,2.25
1346,12,2.25
1347,5,2.25
1347,17,2.25
1347,236,2.25
1347,216,2.25
1347,239,2.25
1347,207,2.25
1348,215,2.25
1348,17,2.25
1348,8,2.25
1349,215,2.25
1349,13,2.25
1350,245,2.25
1350,13,2.25
1350,253,2.25
1350,84,2.25
1351,8,2.25
1352,206,2.25
1352,220,2.25
1352,12,2.25
1352,9,2.25
1352,11,2.25
1352,257,2.25
1352,84,2.25
1352,249,2.25
1352,256,2.25
1353,2,2.25
1354,3,2.25
1354,13,2.25
1354,1,2.25
1355,17,2.25
1355,12,2.25
1355,239,2.25
1355,254,2.25
1355,207,2.25
1355,593,2.25
1356,215,2.25
1356,10,2.25
1356,13,2.25
1357,397,2.25
1357,709,2.25
1357,716,2.25
1357,522,2.25
1359,207,2.25
1359,8,2.25
1359,434,2.25
1359,2032,2.25
1360,477,2.25
1361,250,2.25
1361,251,2.25
1361,206,2.25
1361,236,2.25
1361,12,2.25
1361,219,2.25
1361,257,2.25
1361,246,2.25
1361,512,2.25
1362,215,2.25
1362,236,2.25
1363,250,2.25
1363,251,2.25
1363,213,2.25
1363,241,2.25
1363,5,2.25
1363,206,2.25
1363,216,2.25
1363,254,2.25
1363,13,2.25
1363,210,2.25
1363,243,2.25
1364,3,2.25
1366,2,2.25
1366,9,2.25
1366,217,2.25
1366,219,2.25
1366,257,2.25
1366,253,2.25
1367,12,2.25
1367,9,2.25
1367,121,2.25
1367,216,2.25
1367,255,2.25
1367,219,2.25
1367,13,2.25
1367,6,2.25
1368,1,2.25
1369,7,2.25
1369,239,2.25
1370,241,2.25
1370,12,2.25
1370,216,2.25
1370,219,2.25
1370,10,2.25
1370,13,2.25
1370,257,2.25
1370,8,2.25
1370,233,2.25
1370,6,2.25
1370,248,2.25
1370,243,2.25
1372,17,2.25
1372,211,2.25
1372,1,2.25
1373,13,2.25
1374,7,2.25
1375,220,2.25
1375,236,2.25
1375,9,2.25
1375,121,2.25
1375,211,2.25
1375,214,2.25
1375,245,2.25
1375,239,2.25
1375,3,2.25
1375,252,2.25
1375,207,2.25
1375,253,2.25
1375,247,2.25
1378,215,2.25
1378,7,2.25
1378,2,2.25
1378,9,2.25
1378,205,2.25
1378,219,2.25
1378,4,2.25
1378,8,2.25
1379,234,2.25
1382,7,2.25
1382,234,2.25
1382,219,2.25
1382,252,2.25
1382,257,2.25
1382,247,2.25
1382,922,2.25
1383,17,2.25
1383,11,2.25
1383,13,2.25
1383,343,2.25
1385,215,2.25
1385,235,2.25
1385,255,2.25
1385,205,2.25
1385,212,2.25
1385,10,2.25
1385,13,2.25
1385,249,2.25
1385,247,2.25
1386,17,2.25
1386,236,2.25
1386,10,2.25
1386,4,2.25
1386,207,2.25
1386,696,2.25
1386,753,2.25
1386,91,2.25
1386,31,2.25
1386,1862,2.25
1386,732,2.25
1386,73,2.25
1386,104,2.25
1386,828,2.25
1386,813,2.25
1386,838,2.25
1386,83,2.25
1387,2,2.25
1387,236,2.25
1387,3,2.25
1387,496,2.25
1388,251,2.25
1388,236,2.25
1388,216,2.25
1388,11,2.25
1388,244,2.25
1388,207,2.25
1388,210,2.25
1390,257,2.25
1390,4,2.25
1390,233,2.25
1392,12,2.25
1393,213,2.25
1393,5,2.25
1393,220,2.25
1393,2,2.25
1393,236,2.25
1393,216,2.25
1393,254,2.25
1393,252,2.25
1393,233,2.25
1393,246,2.25
1393,249,2.25
1393,243,2.25
1394,17,2.25
1394,270,2.25
1396,250,2.25
1396,213,2.25
1396,2,2.25
1396,216,2.25
1396,234,2.25
1396,257,2.25
1396,242,2.25
1396,84,2.25
1398,246,2.25
1398,218,2.25
1398,585,2.25
1398,478,2.25
1398,318,2.25
1398,512,2.25
1398,432,2.25
1398,716,2.25
1398,509,2.25
1398,490,2.25
1398,522,2.25
1398,274,2.25
1398,948,2.25
1398,770,2.25
1398,564,2.25
1398,2042,2.25
1399,12,2.25
1399,9,2.25
1399,216,2.25
1399,207,2.25
1399,246,2.25
1401,215,2.25
1402,2,2.25
1402,926,2.25
1402,554,2.25
1402,779,2.25
1402,2044,2.25
1404,11,2.25
1405,205,2.25
1406,7,2.25
1406,235,2.25
1406,477,2.25
1406,447,2.25
1406,333,2.25
1406,1118,2.25
1406,327,2.25
1406,328,2.25
1406,557,2.25
1406,1082,2.25
1407,1527,2.25
1407,1533,2.25
1409,5,2.25
1409,219,2.25
1409,10,2.25
1411,215,2.25
1412,5,2.25
1414,220,2.25
1414,235,2.25
1414,236,2.25
1414,12,2.25
1414,11,2.25
1414,13,2.25
1414,1,2.25
1414,4,2.25
1414,8,2.25
1414,256,2.25
1414,243,2.25
1415,5,2.25
1415,234,2.25
1415,2047,2.25
1416,241,2.25
1416,17,2.25
1416,216,2.25
1416,234,2.25
1416,3,2.25
1416,13,2.25
1416,1,2.25
1416,4,2.25
1416,1299,2.25
1417,206,2.25
1417,218,2.25
1417,607,2.25
1417,352,2.25
1417,432,2.25
1418,347,2.25
1418,1198,2.25
1418,1594,2.25
1418,268,2.25
1419,216,2.25
1420,251,2.25
1420,5,2.25
1420,11,2.25
1420,244,2.25
1420,13,2.25
1420,8,2.25
1420,247,2.25
1422,236,2.25
1423,235,2.25
1423,245,2.25
1423,212,2.25
1423,252,2.25
1423,4,2.25
1423,233,2.25
1424,246,2.25
1425,241,2.25
1425,12,2.25
1425,255,2.25
1425,3,2.25
1425,254,2.25
1425,244,2.25
1425,1,2.25
1425,210,2.25
1425,246,2.25
1425,256,2.25
1426,213,2.25
1426,17,2.25
1426,9,2.25
1426,10,2.25
1428,215,2.25
1428,213,2.25
1428,241,2.25
1428,9,2.25
1428,245,2.25
1428,239,2.25
1428,212,2.25
1428,254,2.25
1428,11,2.25
1428,252,2.25
1428,257,2.25
1428,84,2.25
1428,249,2.25
1429,213,2.25
1429,17,2.25
1429,9,2.25
1429,10,2.25
1429,13,2.25
1429,84,2.25
1430,215,2.25
1430,214,2.25
1430,254,2.25
1430,4,2.25
1430,233,2.25
1430,6,2.25
1431,213,2.25
1431,10,2.25
1432,2,2.25
1432,219,2.25
1432,13,2.25
1432,584,2.25
1432,490,2.25
1433,7,2.25
1434,2,2.25
1434,121,2.25
1435,9,2.25
1435,4,2.25
1435,391,2.25
1435,157,2.25
1437,347,2.25
1437,847,2.25
1437,1876,2.25
1437,528,2.25
1437,842,2.25
1437,1123,2.25
1437,291,2.25
1438,206,2.25
1438,2,2.25
1438,205,2.25
1438,214,2.25
1438,245,2.25
1438,3,2.25
1438,13,2.25
1438,1,2.25
1438,257,2.25
1438,8,2.25
1438,6,2.25
1438,210,2.25
1438,246,2.25
1438,84,2.25
1439,236,2.25
1439,9,2.25
1439,234,2.25
1439,84,2.25
1440,5,2.25
1440,17,2.25
1440,216,2.25
1440,3,2.25
1440,1,2.25
1440,253,2.25
1442,17,2.25
1443,206,2.25
1443,9,2.25
1443,207,2.25
1443,293,2.25
1444,215,2.25
1444,7,2.25
1444,12,2.25
1444,245,2.25
1444,249,2.25
1445,257,2.25
1446,215,2.25
1446,220,2.25
1446,216,2.25
1446,207,2.25
1448,250,2.25
1448,7,2.25
1448,206,2.25
1448,216,2.25
1448,217,2.25
1448,245,2.25
1448,239,2.25
1448,13,2.25
1448,257,2.25
1448,248,2.25
1450,9,2.25
1450,211,2.25
1450,10,2.25
1451,5,2.25
1451,17,2.25
1451,121,2.25
1451,211,2.25
1451,239,2.25
1451,10,2.25
1451,249,2.25
1451,247,2.25
1451,2051,2.25
1452,7,2.25
1452,17,2.25
1452,219,2.25
1452,207,2.25
1452,1036,2.25
1452,2053,2.25
1453,250,2.25
1453,213,2.25
1453,235,2.25
1453,12,2.25
1453,9,2.25
1453,211,2.25
1453,217,2.25
1453,205,2.25
1453,219,2.25
1453,207,2.25
1453,248,2.25
1454,7,2.25
1454,12,2.25
1454,214,2.25
1454,245,2.25
1454,13,2.25
1454,8,2.25
1454,210,2.25
1454,248,2.25
1454,249,2.25
1454,243,2.25
1454,247,2.25
1455,207,2.25
1457,250,2.25
1457,251,2.25
1457,213,2.25
1457,241,2.25
1457,206,2.25
1457,2,2.25
1457,12,2.25
1457,234,2.25
1457,205,2.25
1457,212,2.25
1457,11,2.25
1457,243,2.25
1457,247,2.25
1458,17,2.25
1458,12,2.25
1458,245,2.25
1458,244,2.25
1458,257,2.25
1458,6,2.25
1458,247,2.25
1459,215,2.25
1459,10,2.25
1459,658,2.25
1459,1655,2.25
1459,273,2.25
1460,215,2.25
1460,7,2.25
1460,2,2.25
1460,217,2.25
1460,205,2.25
1460,214,2.25
1460,239,2.25
1460,244,2.25
1460,13,2.25
1460,257,2.25
1460,8,2.25
1460,246,2.25
1460,243,2.25
1461,220,2.25
1461,2,2.25
1461,235,2.25
1461,219,2.25
1461,1,2.25
1461,233,2.25
1461,246,2.25
1461,256,2.25
1461,243,2.25
1462,2,2.25
1462,235,2.25
1462,12,2.25
1462,216,2.25
1462,217,2.25
1462,205,2.25
1462,245,2.25
1462,1,2.25
1462,252,2.25
1462,233,2.25
1462,253,2.25
1462,84,2.25
1462,248,2.25
1463,11,2.25
1464,241,2.25
1464,2,2.25
1464,12,2.25
1464,211,2.25
1464,3,2.25
1464,219,2.25
1464,13,2.25
1464,207,2.25
1464,247,2.25
1465,216,2.25
1465,249,2.25
1466,17,2.25
1466,211,2.25
1466,205,2.25
1466,207,2.25
1467,215,2.25
1467,7,2.25
1467,206,2.25
1467,220,2.25
1467,211,2.25
1467,11,2.25
1467,244,2.25
1467,207,2.25
1467,243,2.25
1468,241,2.25
1468,236,2.25
1468,675,2.25
1468,940,2.25
1468,585,2.25
1468,550,2.25
1468,1294,2.25
1468,398,2.25
1469,239,2.25
1469,252,2.25
1470,215,2.25
1470,250,2.25
1470,206,2.25
1470,12,2.25
1470,216,2.25
1470,244,2.25
1470,10,2.25
1470,257,2.25
1470,8,2.25
1470,253,2.25
1471,236,2.25
1471,211,2.25
1471,219,2.25
1471,8,2.25
1472,215,2.25
1474,215,2.25
1474,241,2.25
1474,236,2.25
1474,12,2.25
1474,255,2.25
1474,234,2.25
1474,214,2.25
1474,3,2.25
1474,1,2.25
1474,257,2.25
1474,210,2.25
1474,253,2.25
1474,84,2.25
1474,256,2.25
1475,241,2.25
1475,5,2.25
1475,235,2.25
1475,121,2.25
1475,255,2.25
1475,245,2.25
1475,219,2.25
1475,212,2.25
1475,11,2.25
1475,244,2.25
1475,210,2.25
1475,84,2.25
1475,248,2.25
1476,7,2.25
1476,236,2.25
1476,121,2.25
1476,216,2.25
1476,255,2.25
1476,234,2.25
1476,4,2.25
1476,6,2.25
1476,210,2.25
1476,256,2.25
1477,11,2.25
1478,250,2.25
1478,251,2.25
1478,206,2.25
1478,220,2.25
1478,236,2.25
1478,12,2.25
1478,239,2.25
1478,219,2.25
1478,248,2.25
1478,256,2.25
1478,243,2.25
1478,588,2.25
1478,1497,2.25
1480,215,2.25
1480,12,2.25
1480,239,2.25
1480,219,2.25
1480,11,2.25
1480,244,2.25
1480,1,2.25
1481,452,2.25
1481,2062,2.25
1482,215,2.25
1482,213,2.25
1483,213,2.25
1483,7,2.25
1483,206,2.25
1483,220,2.25
1483,253,2.25
1483,248,2.25
1485,9,2.25
1485,4,2.25
1485,2065,2.25
1486,215,2.25
1486,251,2.25
1486,234,2.25
1486,3,2.25
1486,244,2.25
1486,1,2.25
1486,252,2.25
1486,4,2.25
1486,8,2.25
1486,84,2.25
1486,248,2.25
1486,256,2.25
1486,243,2.25
1487,207,2.25
1488,7,2.25
1488,363,2.25
1489,215,2.25
1489,7,2.25
1489,2,2.25
1489,239,2.25
1489,252,2.25
1489,210,2.25
1490,1340,2.25
1491,215,2.25
1491,2,2.25
1491,11,2.25
1491,257,2.25
1491,623,2.25
1491,183,2.25
1491,1953,2.25
1491,1657,2.25
1491,1658,2.25
1492,211,2.25
1493,1,2.25
1493,297,2.25
1493,1980,2.25
1493,1729,2.25
1494,3,2.25
1495,293,2.25
1495,268,2.25
1496,219,2.25
1496,764,2.25
1496,389,2.25
1496,1936,2.25
1496,1937,2.25
1496,1938,2.25
1496,1832,2.25
1496,1945,2.25
1496,1946,2.25
1496,1033,2.25
1497,242,2.25
1498,213,2.25
1498,5,2.25
1498,235,2.25
1498,9,2.25
1498,121,2.25
1498,10,2.25
1498,257,2.25
1498,8,2.25
1498,246,2.25
1498,84,2.25
1498,243,2.25
1499,251,2.25
1499,213,2.25
1499,241,2.25
1499,17,2.25
1499,236,2.25
1499,9,2.25
1499,121,2.25
1499,216,2.25
1499,214,2.25
1499,245,2.25
1499,3,2.25
1499,207,2.25
1499,233,2.25
1499,249,2.25
1499,256,2.25
1500,7,2.25
1500,12,2.25
1500,13,2.25
1501,251,2.25
1501,236,2.25
1501,255,2.25
1501,245,2.25
1501,254,2.25
1501,244,2.25
1501,10,2.25
1501,257,2.25
1501,233,2.25
1501,248,2.25
1502,213,2.25
1502,220,2.25
1502,255,2.25
1502,217,2.25
1502,239,2.25
1502,3,2.25
1502,212,2.25
1502,10,2.25
1502,233,2.25
1502,256,2.25
1503,7,2.25
1504,250,2.25
1504,220,2.25
1504,217,2.25
1504,239,2.25
1504,10,2.25
1504,253,2.25
1504,100,2.25
1505,215,2.25
1505,7,2.25
1505,2,2.25
1505,234,2.25
1505,219,2.25
1505,11,2.25
1505,207,2.25
1505,887,2.25
1506,235,2.25
1507,2,2.25
1508,250,2.25
1508,5,2.25
1508,236,2.25
1508,219,2.25
1508,253,2.25
1508,486,2.25
1508,806,2.25
1508,693,2.25
1508,751,2.25
1508,669,2.25
1,3,2.25
1,10,2.25
1,8,2.25
3,17,2.25
3,6,2.25
3,15,2.25
3,26,2.25
3,31,2.25
3,73,2.25
3,144,2.25
3,179,2.25
3,146,2.25
3,40,2.25
3,67,2.25
3,157,2.25
3,191,2.25
3,56,2.25
3,120,2.25
3,122,2.25
3,100,2.25
3,22,2.25
3,43,2.25
3,54,2.25
3,58,2.25
3,63,2.25
3,76,2.25
3,77,2.25
3,86,2.25
3,89,2.25
3,94,2.25
3,105,2.25
3,107,2.25
3,111,2.25
3,114,2.25
3,118,2.25
3,126,2.25
3,133,2.25
3,135,2.25
3,163,2.25
3,165,2.25
3,176,2.25
3,181,2.25
4,17,2.25
6,210,2.25
7,214,2.25
7,10,2.25
7,13,2.25
10,213,2.25
11,1,2.25
12,220,2.25
12,11,2.25
12,207,2.25
13,224,2.25
13,225,2.25
14,234,2.25
15,2,2.25
16,2,2.25
16,11,2.25
16,1,2.25
16,207,2.25
18,9,2.25
21,213,2.25
21,2,2.25
21,121,2.25
21,234,2.25
21,211,2.25
21,205,2.25
21,10,2.25
21,252,2.25
21,247,2.25
22,17,2.25
23,213,2.25
23,8,2.25
25,2,2.25
25,12,2.25
25,217,2.25
25,11,2.25
25,84,2.25
25,248,2.25
25,249,2.25
26,214,2.25
26,11,2.25
27,215,2.25
27,255,2.25
27,3,2.25
27,1,2.25
28,215,2.25
28,7,2.25
28,255,2.25
28,214,2.25
28,3,2.25
28,212,2.25
29,294,2.25
29,270,2.25
29,273,2.25
29,59,2.25
29,292,2.25
29,277,2.25
30,250,2.25
30,251,2.25
30,2,2.25
30,236,2.25
30,9,2.25
30,245,2.25
30,10,2.25
30,248,2.25
30,249,2.25
31,216,2.25
32,13,2.25
33,235,2.25
33,207,2.25
34,17,2.25
34,12,2.25
34,205,2.25
34,219,2.25
34,10,2.25
36,213,2.25
36,241,2.25
36,5,2.25
36,216,2.25
36,4,2.25
36,207,2.25
36,8,2.25
37,215,2.25
37,250,2.25
37,251,2.25
37,5,2.25
37,17,2.25
37,9,2.25
37,234,2.25
37,211,2.25
37,4,2.25
37,8,2.25
37,210,2.25
37,253,2.25
37,84,2.25
37,243,2.25
38,5,2.25
38,220,2.25
38,235,2.25
38,121,2.25
38,245,2.25
38,239,2.25
38,3,2.25
38,11,2.25
38,4,2.25
38,210,2.25
38,84,2.25
38,243,2.25
39,241,2.25
39,5,2.25
39,7,2.25
39,17,2.25
42,212,2.25
43,215,2.25
43,11,2.25
43,10,2.25
43,13,2.25
43,1,2.25
44,4,2.25
44,207,2.25
45,215,2.25
45,11,2.25
46,5,2.25
47,313,2.25
48,11,2.25
50,250,2.25
50,251,2.25
50,213,2.25
50,206,2.25
50,17,2.25
50,236,2.25
50,9,2.25
50,3,2.25
50,84,2.25
51,235,2.25
51,325,2.25
51,323,2.25
51,319,2.25
51,315,2.25
51,334,2.25
52,213,2.25
52,11,2.25
53,235,2.25
53,12,2.25
53,234,2.25
53,214,2.25
53,219,2.25
53,10,2.25
53,1,2.25
53,4,2.25
53,207,2.25
53,210,2.25
55,216,2.25
55,245,2.25
55,3,2.25
55,212,2.25
55,10,2.25
55,253,2.25
55,249,2.25
56,236,2.25
56,255,2.25
56,8,2.25
61,7,2.25
61,12,2.25
61,214,2.25
63,218,2.25
63,299,2.25
63,346,2.25
64,235,2.25
64,211,2.25
64,217,2.25
64,10,2.25
64,1,2.25
64,4,2.25
64,246,2.25
64,249,2.25
64,256,2.25
65,207,2.25
66,1,2.25
66,210,2.25
67,234,2.25
68,236,2.25
68,121,2.25
68,255,2.25
68,3,2.25
68,219,2.25
68,13,2.25
68,233,2.25
68,243,2.25
69,2,2.25
69,235,2.25
69,236,2.25
70,236,2.25
70,13,2.25
71,3,2.25
71,1,2.25
71,4,2.25
72,251,2.25
72,213,2.25
72,17,2.25
72,2,2.25
72,9,2.25
72,216,2.25
72,255,2.25
72,234,2.25
72,252,2.25
72,207,2.25
72,210,2.25
72,249,2.25
73,215,2.25
73,213,2.25
73,5,2.25
73,220,2.25
73,9,2.25
73,217,2.25
73,245,2.25
73,3,2.25
73,212,2.25
73,10,2.25
73,207,2.25
73,8,2.25
73,256,2.25
76,13,2.25
77,215,2.25
78,372,2.25
78,371,2.25
78,374,2.25
78,379,2.25
79,250,2.25
79,121,2.25
79,244,2.25
79,257,2.25
79,218,2.25
79,248,2.25
79,491,2.25
79,388,2.25
79,406,2.25
79,436,2.25
79,505,2.25
79,309,2.25
79,500,2.25
79,468,2.25
79,488,2.25
79,395,2.25
79,463,2.25
79,405,2.25
79,476,2.25
79,497,2.25
79,387,2.25
79,416,2.25
79,429,2.25
79,444,2.25
79,482,2.25
79,517,2.25
80,318,2.25
81,13,2.25
81,489,2.25
81,435,2.25
81,538,2.25
81,528,2.25
81,534,2.25
81,530,2.25
81,379,2.25
81,527,2.25
81,535,2.25
81,544,2.25
82,2,2.25
82,239,2.25
82,11,2.25
82,207,2.25
82,551,2.25
83,250,2.25
83,206,2.25
83,121,2.25
83,217,2.25
83,8,2.25
83,84,2.25
84,213,2.25
84,2,2.25
84,235,2.25
84,12,2.25
84,9,2.25
85,215,2.25
85,213,2.25
85,211,2.25
85,245,2.25
85,4,2.25
86,215,2.25
86,239,2.25
86,11,2.25
86,252,2.25
86,257,2.25
86,6,2.25
86,249,2.25
86,256,2.25
87,12,2.25
87,239,2.25
87,1,2.25
87,207,2.25
88,7,2.25
88,236,2.25
88,207,2.25
89,1,2.25
90,213,2.25
91,220,2.25
91,8,2.25
91,560,2.25
91,557,2.25
92,215,2.25
92,205,2.25
92,4,2.25
92,207,2.25
92,253,2.25
93,3,2.25
93,11,2.25
94,5,2.25
95,220,2.25
95,235,2.25
95,121,2.25
95,205,2.25
95,245,2.25
95,10,2.25
95,256,2.25
95,577,2.25
96,250,2.25
96,241,2.25
96,2,2.25
96,255,2.25
96,234,2.25
96,211,2.25
96,219,2.25
96,254,2.25
96,1,2.25
96,207,2.25
96,233,2.25
96,84,2.25
96,256,2.25
97,250,2.25
97,5,2.25
97,2,2.25
97,121,2.25
97,212,2.25
97,254,2.25
97,11,2.25
97,84,2.25
98,236,2.25
98,294,2.25
98,583,2.25
98,592,2.25
98,336,2.25
98,91,2.25
98,584,2.25
98,588,2.25
99,12,2.25
99,10,2.25
105,7,2.25
105,211,2.25
106,2,2.25
107,220,2.25
107,2,2.25
107,235,2.25
107,236,2.25
107,9,2.25
107,254,2.25
107,10,2.25
107,210,2.25
107,84,2.25
108,10,2.25
109,600,2.25
109,601,2.25
109,603,2.25
110,7,2.25
110,236,2.25
110,4,2.25
111,251,2.25
111,241,2.25
111,17,2.25
111,2,2.25
111,235,2.25
111,236,2.25
111,205,2.25
111,245,2.25
111,13,2.25
111,8,2.25
111,256,2.25
111,247,2.25
112,214,2.25
112,244,2.25
112,218,2.25
112,247,2.25
112,338,2.25
114,215,2.25
114,251,2.25
114,7,2.25
114,235,2.25
114,236,2.25
114,9,2.25
114,219,2.25
114,13,2.25
114,233,2.25
115,250,2.25
115,241,2.25
115,7,2.25
115,206,2.25
115,255,2.25
115,11,2.25
115,233,2.25
116,234,2.25
116,3,2.25
116,610,2.25
116,299,2.25
117,236,2.25
117,219,2.25
117,13,2.25
117,207,2.25
119,11,2.25
120,251,2.25
120,17,2.25
121,215,2.25
121,250,2.25
121,206,2.25
121,12,2.25
121,216,2.25
121,255,2.25
121,211,2.25
121,245,2.25
121,239,2.25
121,219,2.25
121,212,2.25
121,13,2.25
121,252,2.25
121,4,2.25
121,246,2.25
121,249,2.25
121,247,2.25
122,121,2.25
122,10,2.25
123,250,2.25
124,215,2.25
124,7,2.25
124,206,2.25
124,17,2.25
124,216,2.25
124,205,2.25
124,214,2.25
124,3,2.25
124,212,2.25
124,252,2.25
124,257,2.25
124,6,2.25
125,251,2.25
125,235,2.25
125,236,2.25
125,219,2.25
125,10,2.25
125,1,2.25
126,12,2.25
126,245,2.25
126,4,2.25
126,207,2.25
126,8,2.25
126,548,2.25
127,215,2.25
127,612,2.25
128,213,2.25
128,5,2.25
128,206,2.25
128,220,2.25
128,255,2.25
128,211,2.25
128,254,2.25
128,11,2.25
128,10,2.25
128,233,2.25
128,616,2.25
128,599,2.25
129,215,2.25
129,7,2.25
129,245,2.25
129,3,2.25
129,11,2.25
129,91,2.25
130,215,2.25
130,235,2.25
130,216,2.25
130,234,2.25
131,215,2.25
131,251,2.25
133,5,2.25
133,619,2.25
135,7,2.25
135,17,2.25
136,207,2.25
136,103,2.25
136,623,2.25
136,633,2.25
136,636,2.25
136,610,2.25
136,648,2.25
136,651,2.25
136,642,2.25
137,220,2.25
137,121,2.25
137,216,2.25
137,11,2.25
137,10,2.25
137,257,2.25
137,6,2.25
137,253,2.25
138,9,2.25
138,234,2.25
138,211,2.25
138,217,2.25
138,244,2.25
138,257,2.25
138,8,2.25
138,248,2.25
139,244,2.25
139,8,2.25
139,6,2.25
139,248,2.25
139,247,2.25
140,11,2.25
141,10,2.25
142,236,2.25
142,12,2.25
142,207,2.25
144,2,2.25
144,236,2.25
144,12,2.25
144,207,2.25
144,148,2.25
146,236,2.25
146,239,2.25
146,13,2.25
146,1,2.25
146,252,2.25
146,257,2.25
146,6,2.25
146,210,2.25
146,246,2.25
146,249,2.25
146,256,2.25
147,213,2.25
147,5,2.25
147,220,2.25
147,219,2.25
147,1,2.25
147,252,2.25
147,257,2.25
147,6,2.25
147,210,2.25
147,84,2.25
147,249,2.25
148,206,2.25
148,2,2.25
148,236,2.25
150,2,2.25
150,236,2.25
150,121,2.25
150,239,2.25
150,210,2.25
150,282,2.25
151,7,2.25
151,220,2.25
151,236,2.25
151,211,2.25
151,3,2.25
151,11,2.25
151,1,2.25
151,8,2.25
152,7,2.25
152,235,2.25
152,236,2.25
153,468,2.25
154,12,2.25
154,668,2.25
154,669,2.25
155,213,2.25
155,206,2.25
155,236,2.25
155,9,2.25
155,254,2.25
155,11,2.25
155,244,2.25
155,10,2.25
155,210,2.25
155,247,2.25
156,250,2.25
156,214,2.25
156,245,2.25
156,244,2.25
156,1,2.25
156,207,2.25
156,253,2.25
159,7,2.25
159,17,2.25
159,216,2.25
159,8,2.25
160,213,2.25
160,10,2.25
161,250,2.25
161,675,2.25
161,763,2.25
161,278,2.25
161,347,2.25
161,723,2.25
161,706,2.25
161,512,2.25
161,593,2.25
161,365,2.25
161,453,2.25
161,307,2.25
161,755,2.25
161,474,2.25
161,620,2.25
161,419,2.25
161,705,2.25
161,744,2.25
161,756,2.25
161,732,2.25
161,528,2.25
161,722,2.25
161,20,2.25
161,762,2.25
161,678,2.25
161,423,2.25
161,685,2.25
161,490,2.25
161,383,2.25
161,743,2.25
161,742,2.25
161,81,2.25
161,729,2.25
161,751,2.25
161,697,2.25
161,708,2.25
161,714,2.25
161,737,2.25
161,766,2.25
161,767,2.25
163,213,2.25
163,17,2.25
163,236,2.25
163,239,2.25
163,3,2.25
163,254,2.25
163,11,2.25
164,2,2.25
164,397,2.25
164,780,2.25
164,445,2.25
164,782,2.25
164,784,2.25
165,7,2.25
165,10,2.25
165,805,2.25
165,664,2.25
165,792,2.25
165,797,2.25
165,801,2.25
165,803,2.25
166,249,2.25
167,215,2.25
167,206,2.25
167,121,2.25
167,216,2.25
167,245,2.25
167,239,2.25
167,212,2.25
167,254,2.25
167,1,2.25
167,253,2.25
168,215,2.25
168,9,2.25
168,121,2.25
168,216,2.25
168,234,2.25
168,211,2.25
168,217,2.25
168,3,2.25
168,254,2.25
168,11,2.25
168,1,2.25
168,248,2.25
168,256,2.25
168,291,2.25
169,215,2.25
169,241,2.25
169,7,2.25
169,211,2.25
169,3,2.25
169,10,2.25
169,257,2.25
171,235,2.25
171,12,2.25
171,9,2.25
171,121,2.25
171,255,2.25
171,214,2.25
171,3,2.25
171,1,2.25
171,8,2.25
171,84,2.25
171,249,2.25
171,256,2.25
172,215,2.25
172,245,2.25
172,239,2.25
172,3,2.25
172,254,2.25
172,11,2.25
172,1,2.25
172,8,2.25
172,248,2.25
173,2,2.25
173,10,2.25
174,7,2.25
174,236,2.25
174,234,2.25
174,205,2.25
174,239,2.25
174,3,2.25
174,212,2.25
174,1,2.25
174,4,2.25
174,233,2.25
174,246,2.25
174,249,2.25
175,215,2.25
175,17,2.25
175,236,2.25
176,215,2.25
176,241,2.25
176,5,2.25
176,7,2.25
176,220,2.25
176,2,2.25
176,235,2.25
176,12,2.25
176,121,2.25
176,3,2.25
176,212,2.25
176,207,2.25
176,6,2.25
176,247,2.25
177,10,2.25
177,806,2.25
178,17,2.25
178,235,2.25
178,12,2.25
178,121,2.25
178,11,2.25
178,1,2.25
178,8,2.25
178,246,2.25
178,253,2.25
178,248,2.25
178,247,2.25
179,211,2.25
179,219,2.25
180,5,2.25
181,10,2.25
182,255,2.25
183,251,2.25
183,5,2.25
183,121,2.25
183,3,2.25
183,252,2.25
183,6,2.25
183,248,2.25
185,12,2.25
185,10,2.25
185,1,2.25
185,207,2.25
185,243,2.25
187,250,2.25
187,220,2.25
187,2,2.25
187,3,2.25
187,219,2.25
187,84,2.25
188,17,2.25
188,236,2.25
188,207,2.25
188,339,2.25
188,717,2.25
188,278,2.25
188,723,2.25
188,655,2.25
188,606,2.25
188,510,2.25
188,810,2.25
188,148,2.25
188,716,2.25
188,412,2.25
188,746,2.25
188,732,2.25
188,73,2.25
188,92,2.25
188,20,2.25
188,817,2.25
188,825,2.25
188,742,2.25
188,827,2.25
188,826,2.25
188,812,2.25
188,832,2.25
189,215,2.25
189,250,2.25
189,10,2.25
190,2,2.25
190,212,2.25
190,13,2.25
190,233,2.25
191,17,2.25
191,207,2.25
191,8,2.25
192,512,2.25
192,432,2.25
193,251,2.25
193,17,2.25
193,216,2.25
193,255,2.25
193,205,2.25
193,8,2.25
193,210,2.25
195,2,2.25
195,11,2.25
196,241,2.25
196,2,2.25
196,257,2.25
197,213,2.25
197,5,2.25
197,7,2.25
197,206,2.25
197,121,2.25
197,216,2.25
197,239,2.25
197,212,2.25
197,4,2.25
197,233,2.25
197,249,2.25
197,256,2.25
197,247,2.25
197,304,2.25
198,2,2.25
198,235,2.25
198,12,2.25
198,9,2.25
198,216,2.25
198,11,2.25
198,253,2.25
199,339,2.25
199,878,2.25
199,293,2.25
199,879,2.25
199,242,2.25
199,882,2.25
199,880,2.25
199,719,2.25
199,713,2.25
199,597,2.25
199,521,2.25
199,91,2.25
199,436,2.25
199,734,2.25
199,877,2.25
199,750,2.25
199,452,2.25
199,595,2.25
199,441,2.25
199,697,2.25
199,849,2.25
199,851,2.25
199,854,2.25
199,858,2.25
199,859,2.25
199,889,2.25
199,899,2.25
200,251,2.25
200,241,2.25
200,9,2.25
200,255,2.25
200,217,2.25
200,245,2.25
200,10,2.25
200,248,2.25
200,604,2.25
200,434,2.25
201,250,2.25
201,241,2.25
201,7,2.25
201,236,2.25
201,217,2.25
201,3,2.25
201,212,2.25
201,4,2.25
201,207,2.25
201,903,2.25
201,405,2.25
201,902,2.25
202,215,2.25
202,250,2.25
202,11,2.25
202,6,2.25
202,246,2.25
202,84,2.25
204,220,2.25
204,2,2.25
204,245,2.25
204,212,2.25
204,244,2.25
204,252,2.25
204,257,2.25
204,4,2.25
204,8,2.25
204,247,2.25
205,250,2.25
205,234,2.25
205,11,2.25
205,1,2.25
205,257,2.25
205,8,2.25
205,256,2.25
206,251,2.25
206,213,2.25
206,5,2.25
206,220,2.25
206,245,2.25
206,212,2.25
206,4,2.25
206,247,2.25
207,12,2.25
208,5,2.25
208,2,2.25
208,235,2.25
208,12,2.25
208,3,2.25
208,212,2.25
208,4,2.25
208,913,2.25
209,255,2.25
209,217,2.25
209,3,2.25
209,11,2.25
209,10,2.25
209,1,2.25
209,6,2.25
209,84,2.25
210,207,2.25
212,215,2.25
212,5,2.25
212,2,2.25
212,205,2.25
212,1,2.25
214,7,2.25
214,17,2.25
214,236,2.25
214,211,2.25
214,11,2.25
214,10,2.25
215,215,2.25
215,250,2.25
215,241,2.25
215,5,2.25
215,236,2.25
215,12,2.25
215,245,2.25
215,219,2.25
215,1,2.25
215,8,2.25
216,17,2.25
216,11,2.25
216,13,2.25
217,241,2.25
217,7,2.25
218,7,2.25
218,206,2.25
218,121,2.25
218,219,2.25
218,11,2.25
218,252,2.25
218,246,2.25
218,253,2.25
219,330,2.25
220,241,2.25
220,1,2.25
222,207,2.25
223,206,2.25
223,220,2.25
223,17,2.25
223,234,2.25
223,205,2.25
223,13,2.25
223,207,2.25
223,210,2.25
224,250,2.25
224,2,2.25
224,12,2.25
224,9,2.25
224,217,2.25
224,245,2.25
224,3,2.25
225,250,2.25
225,236,2.25
225,12,2.25
225,121,2.25
225,255,2.25
225,219,2.25
225,254,2.25
225,84,2.25
225,248,2.25
225,249,2.25
225,243,2.25
226,7,2.25
227,241,2.25
227,236,2.25
227,205,2.25
227,239,2.25
227,219,2.25
227,10,2.25
227,253,2.25
228,241,2.25
228,7,2.25
231,5,2.25
231,918,2.25
231,144,2.25
231,917,2.25
231,920,2.25
232,7,2.25
232,206,2.25
234,11,2.25
235,250,2.25
235,251,2.25
235,5,2.25
235,220,2.25
235,12,2.25
235,214,2.25
235,239,2.25
235,3,2.25
235,13,2.25
235,257,2.25
235,4,2.25
235,248,2.25
235,256,2.25
237,243,2.25
238,9,2.25
238,11,2.25
238,13,2.25
238,922,2.25
239,7,2.25
239,9,2.25
239,11,2.25
239,6,2.25
240,12,2.25
240,207,2.25
241,253,2.25
242,11,2.25
243,17,2.25
243,205,2.25
243,214,2.25
243,10,2.25
243,4,2.25
243,246,2.25
243,932,2.25
243,923,2.25
243,435,2.25
243,577,2.25
243,663,2.25
243,924,2.25
244,12,2.25
244,11,2.25
244,1,2.25
245,234,2.25
245,245,2.25
245,210,2.25
245,256,2.25
247,279,2.25
248,220,2.25
248,205,2.25
248,3,2.25
248,11,2.25
249,215,2.25
249,250,2.25
249,220,2.25
249,236,2.25
249,9,2.25
249,4,2.25
249,247,2.25
250,250,2.25
250,251,2.25
250,241,2.25
250,219,2.25
250,244,2.25
250,4,2.25
250,246,2.25
250,249,2.25
250,247,2.25
251,5,2.25
251,7,2.25
251,205,2.25
251,239,2.25
251,219,2.25
255,213,2.25
255,236,2.25
255,205,2.25
256,1,2.25
257,7,2.25
259,251,2.25
259,7,2.25
259,219,2.25
260,5,2.25
260,211,2.25
260,239,2.25
261,7,2.25
261,17,2.25
261,234,2.25
261,245,2.25
261,3,2.25
261,219,2.25
262,213,2.25
262,235,2.25
262,11,2.25
263,213,2.25
263,205,2.25
263,214,2.25
263,239,2.25
263,3,2.25
263,252,2.25
264,11,2.25
265,215,2.25
265,213,2.25
265,5,2.25
265,17,2.25
265,9,2.25
265,121,2.25
265,3,2.25
266,17,2.25
267,7,2.25
269,2,2.25
269,11,2.25
269,376,2.25
270,215,2.25
270,241,2.25
270,7,2.25
270,206,2.25
270,235,2.25
270,236,2.25
270,12,2.25
270,216,2.25
270,217,2.25
270,245,2.25
270,3,2.25
270,10,2.25
270,8,2.25
270,243,2.25
271,251,2.25
271,9,2.25
271,217,2.25
271,205,2.25
271,214,2.25
271,11,2.25
271,13,2.25
271,252,2.25
271,6,2.25
271,246,2.25
272,2,2.25
272,236,2.25
272,12,2.25
272,214,2.25
272,11,2.25
272,210,2.25
272,691,2.25
272,391,2.25
272,70,2.25
272,897,2.25
272,242,2.25
272,397,2.25
272,347,2.25
272,638,2.25
272,657,2.25
272,480,2.25
272,589,2.25
272,318,2.25
272,958,2.25
272,698,2.25
272,715,2.25
272,747,2.25
272,26,2.25
272,709,2.25
272,419,2.25
272,59,2.25
272,716,2.25
272,718,2.25
272,1010,2.25
272,984,2.25
272,20,2.25
272,959,2.25
272,1011,2.25
272,52,2.25
272,295,2.25
272,314,2.25
272,516,2.25
272,720,2.25
272,754,2.25
272,766,2.25
272,942,2.25
272,945,2.25
272,957,2.25
272,960,2.25
272,970,2.25
272,971,2.25
272,972,2.25
272,979,2.25
272,982,2.25
272,991,2.25
272,993,2.25
272,997,2.25
272,1001,2.25
272,1003,2.25
272,1014,2.25
273,250,2.25
273,251,2.25
273,2,2.25
273,235,2.25
273,219,2.25
273,1,2.25
273,659,2.25
274,215,2.25
274,235,2.25
274,234,2.25
274,205,2.25
274,245,2.25
274,239,2.25
274,219,2.25
274,212,2.25
274,11,2.25
274,244,2.25
274,248,2.25
275,554,2.25
276,213,2.25
276,241,2.25
276,5,2.25
276,9,2.25
276,216,2.25
276,245,2.25
276,11,2.25
276,252,2.25
276,8,2.25
278,215,2.25
278,10,2.25
278,862,2.25
278,592,2.25
278,1022,2.25
279,206,2.25
279,12,2.25
279,217,2.25
279,11,2.25
279,13,2.25
279,210,2.25
279,243,2.25
280,251,2.25
280,236,2.25
280,12,2.25
280,211,2.25
280,245,2.25
280,239,2.25
280,212,2.25
280,207,2.25
281,215,2.25
281,250,2.25
281,5,2.25
281,245,2.25
281,212,2.25
281,10,2.25
281,4,2.25
281,233,2.25
281,248,2.25
281,243,2.25
282,5,2.25
283,11,2.25
284,805,2.25
284,1029,2.25
284,911,2.25
284,732,2.25
284,363,2.25
284,190,2.25
285,7,2.25
285,234,2.25
285,6,2.25
285,335,2.25
285,1039,2.25
286,241,2.25
286,5,2.25
286,1,2.25
286,8,2.25
287,17,2.25
288,121,2.25
289,2,2.25
289,121,2.25
289,257,2.25
290,206,2.25
291,250,2.25
291,251,2.25
291,213,2.25
291,12,2.25
291,217,2.25
291,205,2.25
291,1,2.25
291,233,2.25
291,210,2.25
292,251,2.25
292,235,2.25
292,236,2.25
292,121,2.25
292,3,2.25
292,8,2.25
292,243,2.25
293,17,2.25
293,235,2.25
293,10,2.25
293,13,2.25
294,250,2.25
294,251,2.25
294,7,2.25
294,217,2.25
294,13,2.25
294,252,2.25
294,8,2.25
294,210,2.25
294,256,2.25
294,243,2.25
295,241,2.25
295,220,2.25
295,2,2.25
295,216,2.25
295,234,2.25
295,10,2.25
295,257,2.25
295,253,2.25
295,249,2.25
296,2,2.25
296,216,2.25
296,234,2.25
296,219,2.25
296,252,2.25
296,207,2.25
296,210,2.25
298,257,2.25
299,5,2.25
299,214,2.25
299,245,2.25
299,239,2.25
299,11,2.25
299,13,2.25
299,207,2.25
299,253,2.25
299,256,2.25
300,638,2.25
300,1011,2.25
300,1068,2.25
300,793,2.25
300,1044,2.25
300,970,2.25
300,999,2.25
300,1056,2.25
300,1065,2.25
300,1066,2.25
300,1067,2.25
301,215,2.25
301,250,2.25
301,9,2.25
302,215,2.25
302,250,2.25
302,213,2.25
302,241,2.25
302,236,2.25
302,12,2.25
302,205,2.25
302,239,2.25
302,219,2.25
302,246,2.25
302,84,2.25
302,243,2.25
302,247,2.25
303,250,2.25
303,205,2.25
303,239,2.25
305,350,2.25
306,2,2.25
306,3,2.25
306,4,2.25
306,207,2.25
307,17,2.25
307,13,2.25
307,243,2.25
308,235,2.25
308,239,2.25
308,13,2.25
308,257,2.25
308,1116,2.25
308,278,2.25
308,247,2.25
308,1075,2.25
308,434,2.25
308,660,2.25
308,1034,2.25
308,1101,2.25
308,1074,2.25
308,1077,2.25
308,1091,2.25
308,1092,2.25
308,1095,2.25
308,1099,2.25
308,1103,2.25
308,1104,2.25
308,1110,2.25
308,1113,2.25
308,1117,2.25
309,250,2.25
309,220,2.25
309,205,2.25
310,241,2.25
310,116,2.25
310,38,2.25
310,688,2.25
311,17,2.25
312,250,2.25
312,251,2.25
312,7,2.25
312,220,2.25
312,255,2.25
312,212,2.25
312,1,2.25
312,257,2.25
312,4,2.25
312,8,2.25
312,1054,2.25
313,215,2.25
313,17,2.25
313,2,2.25
313,216,2.25
313,219,2.25
313,252,2.25
313,246,2.25
313,658,2.25
313,247,2.25
313,1130,2.25
314,7,2.25
314,11,2.25
315,13,2.25
315,496,2.25
316,215,2.25
316,250,2.25
316,251,2.25
316,216,2.25
316,211,2.25
316,217,2.25
316,214,2.25
316,245,2.25
316,3,2.25
316,219,2.25
316,246,2.25
316,248,2.25
316,1140,2.25
316,1143,2.25
316,1147,2.25
317,250,2.25
317,217,2.25
317,835,2.25
317,798,2.25
317,305,2.25
317,1162,2.25
317,1163,2.25
317,1165,2.25
318,216,2.25
319,251,2.25
319,206,2.25
319,255,2.25
319,234,2.25
319,244,2.25
319,10,2.25
319,1,2.25
319,8,2.25
319,6,2.25
319,248,2.25
320,250,2.25
320,213,2.25
320,7,2.25
320,17,2.25
320,2,2.25
320,9,2.25
320,205,2.25
320,219,2.25
320,1,2.25
320,210,2.25
320,1178,2.25
320,1176,2.25
321,220,2.25
321,205,2.25
322,239,2.25
322,244,2.25
322,8,2.25
323,17,2.25
323,2,2.25
323,245,2.25
323,1,2.25
323,866,2.25
323,723,2.25
323,592,2.25
323,256,2.25
323,706,2.25
323,769,2.25
323,712,2.25
323,733,2.25
323,760,2.25
323,510,2.25
323,432,2.25
323,676,2.25
323,31,2.25
323,275,2.25
323,1189,2.25
323,743,2.25
323,899,2.25
324,215,2.25
324,250,2.25
324,5,2.25
324,17,2.25
324,2,2.25
324,236,2.25
324,10,2.25
324,1,2.25
325,216,2.25
325,244,2.25
325,207,2.25
325,210,2.25
326,215,2.25
326,206,2.25
326,220,2.25
326,2,2.25
326,236,2.25
326,11,2.25
326,13,2.25
327,239,2.25
328,250,2.25
328,241,2.25
328,7,2.25
328,2,2.25
328,235,2.25
328,236,2.25
328,12,2.25
328,255,2.25
328,214,2.25
328,4,2.25
328,8,2.25
328,6,2.25
328,249,2.25
329,5,2.25
329,17,2.25
329,1,2.25
329,207,2.25
330,215,2.25
330,235,2.25
330,236,2.25
330,234,2.25
330,211,2.25
330,217,2.25
330,3,2.25
330,219,2.25
330,11,2.25
330,13,2.25
330,257,2.25
330,6,2.25
330,249,2.25
331,5,2.25
331,12,2.25
331,234,2.25
331,13,2.25
331,6,2.25
332,236,2.25
332,211,2.25
333,7,2.25
334,2,2.25
334,1,2.25
335,236,2.25
335,205,2.25
335,3,2.25
335,257,2.25
335,253,2.25
335,248,2.25
335,247,2.25
337,236,2.25
337,8,2.25
338,251,2.25
338,213,2.25
338,241,2.25
338,217,2.25
338,205,2.25
339,17,2.25
340,313,2.25
341,245,2.25
341,84,2.25
342,12,2.25
342,257,2.25
343,7,2.25
343,255,2.25
344,7,2.25
345,8,2.25
345,246,2.25
345,512,2.25
346,215,2.25
346,250,2.25
346,5,2.25
346,245,2.25
346,1,2.25
346,8,2.25
346,246,2.25
346,253,2.25
346,84,2.25
347,2,2.25
347,787,2.25
347,1123,2.25
347,96,2.25
347,330,2.25
347,729,2.25
347,21,2.25
347,74,2.25
347,79,2.25
347,133,2.25
347,446,2.25
347,498,2.25
348,215,2.25
348,236,2.25
348,121,2.25
348,255,2.25
348,211,2.25
348,3,2.25
348,11,2.25
349,241,2.25
349,7,2.25
349,235,2.25
349,255,2.25
349,234,2.25
349,212,2.25
349,207,2.25
349,243,2.25
350,5,2.25
350,17,2.25
350,216,2.25
350,211,2.25
350,205,2.25
350,245,2.25
350,10,2.25
350,1,2.25
350,4,2.25
350,6,2.25
350,84,2.25
351,257,2.25
352,251,2.25
352,241,2.25
352,236,2.25
353,213,2.25
353,206,2.25
353,205,2.25
353,212,2.25
353,4,2.25
353,207,2.25
353,8,2.25
353,253,2.25
354,13,2.25
354,4,2.25
355,251,2.25
355,255,2.25
355,234,2.25
355,675,2.25
355,278,2.25
355,352,2.25
355,256,2.25
355,432,2.25
355,1198,2.25
355,431,2.25
355,620,2.25
355,427,2.25
355,705,2.25
355,488,2.25
355,452,2.25
355,490,2.25
355,386,2.25
355,428,2.25
355,445,2.25
355,515,2.25
356,234,2.25
356,212,2.25
356,11,2.25
356,10,2.25
356,257,2.25
356,210,2.25
356,246,2.25
358,11,2.25
359,12,2.25
359,1,2.25
359,6,2.25
360,3,2.25
361,219,2.25
361,11,2.25
361,218,2.25
361,253,2.25
361,806,2.25
361,141,2.25
361,664,2.25
361,800,2.25
361,1003,2.25
361,1205,2.25
362,250,2.25
362,5,2.25
362,12,2.25
362,3,2.25
362,11,2.25
362,13,2.25
362,8,2.25
362,243,2.25
363,215,2.25
363,213,2.25
363,239,2.25
364,2,2.25
364,235,2.25
364,207,2.25
364,391,2.25
365,251,2.25
365,5,2.25
365,206,2.25
365,17,2.25
365,235,2.25
365,9,2.25
365,217,2.25
365,239,2.25
365,13,2.25
365,257,2.25
365,207,2.25
365,246,2.25
366,215,2.25
367,17,2.25
367,236,2.25
367,205,2.25
367,239,2.25
367,10,2.25
367,252,2.25
367,4,2.25
367,233,2.25
367,253,2.25
368,213,2.25
368,206,2.25
368,235,2.25
368,236,2.25
370,215,2.25
370,235,2.25
370,13,2.25
370,8,2.25
370,253,2.25
371,7,2.25
373,254,2.25
374,251,2.25
374,241,2.25
374,17,2.25
374,236,2.25
374,12,2.25
374,121,2.25
374,239,2.25
374,219,2.25
374,254,2.25
374,207,2.25
374,6,2.25
374,253,2.25
374,243,2.25
375,5,2.25
375,17,2.25
375,335,2.25
375,522,2.25
376,2,2.25
378,212,2.25
378,11,2.25
378,4,2.25
378,246,2.25
378,218,2.25
379,255,2.25
379,13,2.25
380,235,2.25
380,236,2.25
380,216,2.25
380,1,2.25
380,207,2.25
381,250,2.25
381,216,2.25
381,205,2.25
381,245,2.25
381,239,2.25
381,219,2.25
381,254,2.25
381,13,2.25
381,253,2.25
381,84,2.25
382,12,2.25
382,219,2.25
382,233,2.25
383,1,2.25
384,212,2.25
384,207,2.25
384,247,2.25
385,251,2.25
385,241,2.25
385,255,2.25
385,1,2.25
386,206,2.25
386,236,2.25
386,12,2.25
386,216,2.25
386,255,2.25
386,239,2.25
386,244,2.25
386,4,2.25
386,207,2.25
386,249,2.25
387,451,2.25
387,1219,2.25
387,1216,2.25
388,213,2.25
388,1,2.25
388,233,2.25
389,5,2.25
389,235,2.25
389,12,2.25
389,211,2.25
389,205,2.25
389,214,2.25
389,244,2.25
389,252,2.25
389,248,2.25
389,256,2.25
391,220,2.25
391,17,2.25
391,12,2.25
391,211,2.25
391,233,2.25
391,210,2.25
391,84,2.25
392,241,2.25
392,220,2.25
392,205,2.25
392,239,2.25
392,1220,2.25
393,236,2.25
393,234,2.25
393,246,2.25
393,84,2.25
395,250,2.25
395,213,2.25
395,241,2.25
395,7,2.25
395,9,2.25
395,219,2.25
395,254,2.25
395,13,2.25
395,1,2.25
395,257,2.25
395,4,2.25
395,233,2.25
395,248,2.25
396,536,2.25
396,1194,2.25
396,947,2.25
396,297,2.25
396,600,2.25
397,220,2.25
397,3,2.25
397,1,2.25
397,247,2.25
397,837,2.25
397,1233,2.25
399,5,2.25
399,12,2.25
399,207,2.25
401,235,2.25
401,12,2.25
401,9,2.25
401,121,2.25
401,211,2.25
401,244,2.25
401,207,2.25
401,210,2.25
401,247,2.25
402,1,2.25
402,1237,2.25
402,767,2.25
402,1238,2.25
402,1239,2.25
402,1242,2.25
402,1245,2.25
402,1248,2.25
402,1249,2.25
402,1254,2.25
403,17,2.25
403,236,2.25
403,207,2.25
403,8,2.25
404,241,2.25
404,5,2.25
404,17,2.25
404,2,2.25
404,9,2.25
404,1,2.25
404,8,2.25
404,210,2.25
405,13,2.25
405,341,2.25
406,250,2.25
406,7,2.25
406,220,2.25
406,236,2.25
406,255,2.25
406,211,2.25
406,233,2.25
406,247,2.25
407,215,2.25
407,13,2.25
408,206,2.25
408,12,2.25
408,211,2.25
409,7,2.25
409,207,2.25
410,2,2.25
410,11,2.25
410,207,2.25
411,213,2.25
411,17,2.25
411,9,2.25
411,217,2.25
411,245,2.25
411,239,2.25
411,1,2.25
411,4,2.25
411,8,2.25
411,247,2.25
412,215,2.25
412,213,2.25
412,235,2.25
412,216,2.25
412,234,2.25
412,211,2.25
412,217,2.25
412,3,2.25
412,212,2.25
412,254,2.25
412,8,2.25
412,256,2.25
413,5,2.25
413,17,2.25
413,1,2.25
413,4,2.25
413,240,2.25
414,10,2.25
416,236,2.25
416,10,2.25
417,243,2.25
418,205,2.25
418,10,2.25
418,13,2.25
418,1,2.25
418,249,2.25
418,256,2.25
420,215,2.25
420,213,2.25
420,7,2.25
420,206,2.25
420,17,2.25
420,12,2.25
420,9,2.25
420,121,2.25
420,205,2.25
420,11,2.25
420,10,2.25
420,257,2.25
420,4,2.25
420,253,2.25
420,84,2.25
421,7,2.25
421,207,2.25
422,234,2.25
422,13,2.25
423,17,2.25
423,257,2.25
424,7,2.25
424,236,2.25
424,12,2.25
424,255,2.25
424,211,2.25
424,11,2.25
424,257,2.25
424,210,2.25
424,256,2.25
425,241,2.25
425,5,2.25
425,7,2.25
425,206,2.25
425,236,2.25
425,3,2.25
425,212,2.25
425,11,2.25
425,13,2.25
425,6,2.25
425,253,2.25
425,248,2.25
425,256,2.25
426,250,2.25
426,17,2.25
426,211,2.25
426,11,2.25
427,250,2.25
427,251,2.25
427,241,2.25
427,206,2.25
427,11,2.25
427,10,2.25
427,6,2.25
427,1260,2.25
428,235,2.25
428,236,2.25
428,12,2.25
428,9,2.25
428,10,2.25
428,233,2.25
428,247,2.25
429,251,2.25
429,214,2.25
429,13,2.25
429,8,2.25
430,207,2.25
432,216,2.25
432,211,2.25
432,1,2.25
433,781,2.25
433,675,2.25
433,845,2.25
433,26,2.25
433,1265,2.25
433,1267,2.25
433,1220,2.25
435,5,2.25
435,278,2.25
436,220,2.25
436,207,2.25
436,1273,2.25
437,251,2.25
437,241,2.25
437,235,2.25
437,121,2.25
437,239,2.25
437,219,2.25
437,212,2.25
437,243,2.25
438,5,2.25
438,212,2.25
439,250,2.25
439,213,2.25
439,211,2.25
439,214,2.25
439,254,2.25
439,10,2.25
439,4,2.25
439,207,2.25
439,247,2.25
440,13,2.25
441,17,2.25
441,234,2.25
441,207,2.25
441,6,2.25
441,247,2.25
442,255,2.25
442,245,2.25
442,252,2.25
442,207,2.25
442,233,2.25
443,11,2.25
444,17,2.25
444,3,2.25
444,254,2.25
444,10,2.25
444,207,2.25
444,210,2.25
444,246,2.25
445,7,2.25
445,17,2.25
445,207,2.25
445,8,2.25
445,247,2.25
446,13,2.25
447,1,2.25
447,207,2.25
448,1275,2.25
449,211,2.25
449,84,2.25
450,11,2.25
450,246,2.25
451,250,2.25
451,17,2.25
451,12,2.25
451,205,2.25
451,245,2.25
451,212,2.25
451,13,2.25
451,257,2.25
451,233,2.25
451,6,2.25
451,246,2.25
451,84,2.25
451,243,2.25
452,213,2.25
452,241,2.25
452,9,2.25
452,255,2.25
452,214,2.25
452,239,2.25
452,207,2.25
452,246,2.25
452,144,2.25
452,1284,2.25
453,1,2.25
454,215,2.25
454,2,2.25
454,239,2.25
454,11,2.25
454,207,2.25
455,220,2.25
455,255,2.25
455,10,2.25
455,207,2.25
455,6,2.25
455,84,2.25
456,235,2.25
456,448,2.25
456,390,2.25
456,475,2.25
457,251,2.25
457,220,2.25
457,252,2.25
457,4,2.25
457,6,2.25
457,84,2.25
459,5,2.25
459,121,2.25
459,211,2.25
459,214,2.25
459,252,2.25
459,253,2.25
459,243,2.25
459,247,2.25
460,250,2.25
460,213,2.25
460,7,2.25
460,236,2.25
460,239,2.25
460,254,2.25
460,13,2.25
460,1,2.25
460,252,2.25
460,246,2.25
460,248,2.25
460,247,2.25
461,5,2.25
461,216,2.25
461,244,2.25
461,6,2.25
462,17,2.25
463,215,2.25
463,1286,2.25
464,5,2.25
464,520,2.25
464,236,2.25
464,211,2.25
464,257,2.25
464,1293,2.25
465,215,2.25
465,213,2.25
465,7,2.25
465,216,2.25
465,239,2.25
466,5,2.25
466,7,2.25
466,2,2.25
466,235,2.25
466,216,2.25
466,211,2.25
466,11,2.25
466,252,2.25
466,8,2.25
466,243,2.25
467,215,2.25
467,241,2.25
467,7,2.25
467,236,2.25
467,255,2.25
467,211,2.25
467,217,2.25
467,245,2.25
467,3,2.25
467,246,2.25
467,84,2.25
468,251,2.25
468,220,2.25
468,2,2.25
468,121,2.25
468,255,2.25
468,245,2.25
468,4,2.25
468,207,2.25
468,243,2.25
469,219,2.25
470,235,2.25
470,233,2.25
472,207,2.25
472,218,2.25
472,522,2.25
473,5,2.25
473,239,2.25
475,4,2.25
477,236,2.25
477,211,2.25
477,217,2.25
477,205,2.25
477,214,2.25
477,239,2.25
477,254,2.25
477,207,2.25
477,256,2.25
477,247,2.25
478,478,2.25
478,480,2.25
478,345,2.25
478,473,2.25
478,536,2.25
478,356,2.25
478,1298,2.25
479,728,2.25
479,278,2.25
479,322,2.25
479,1300,2.25
480,7,2.25
480,257,2.25
481,5,2.25
481,1295,2.25
482,7,2.25
482,255,2.25
482,245,2.25
482,239,2.25
482,219,2.25
482,254,2.25
482,11,2.25
482,4,2.25
482,233,2.25
483,9,2.25
483,239,2.25
483,212,2.25
483,10,2.25
483,1,2.25
483,252,2.25
483,210,2.25
483,15,2.25
484,2,2.25
484,236,2.25
484,3,2.25
485,236,2.25
485,9,2.25
485,121,2.25
485,216,2.25
485,217,2.25
485,205,2.25
485,214,2.25
485,219,2.25
485,244,2.25
485,10,2.25
485,243,2.25
486,7,2.25
486,239,2.25
486,219,2.25
487,241,2.25
487,2,2.25
487,236,2.25
487,9,2.25
487,217,2.25
487,245,2.25
487,10,2.25
487,6,2.25
487,246,2.25
487,253,2.25
487,248,2.25
488,241,2.25
488,121,2.25
488,217,2.25
488,10,2.25
488,702,2.25
488,31,2.25
488,398,2.25
488,526,2.25
489,293,2.25
489,879,2.25
489,336,2.25
489,521,2.25
490,213,2.25
490,217,2.25
490,205,2.25
490,244,2.25
491,215,2.25
491,235,2.25
491,207,2.25
492,250,2.25
492,7,2.25
492,17,2.25
492,2,2.25
492,235,2.25
492,236,2.25
492,211,2.25
492,212,2.25
492,252,2.25
492,257,2.25
492,4,2.25
492,8,2.25
492,247,2.25
494,7,2.25
494,206,2.25
494,220,2.25
494,236,2.25
494,214,2.25
494,245,2.25
494,219,2.25
494,244,2.25
494,1,2.25
494,247,2.25
495,121,2.25
495,254,2.25
495,244,2.25
495,207,2.25
498,207,2.25
499,17,2.25
499,2,2.25
500,121,2.25
500,255,2.25
500,234,2.25
500,205,2.25
500,219,2.25
502,241,2.25
502,5,2.25
502,7,2.25
502,12,2.25
502,9,2.25
502,212,2.25
502,244,2.25
502,10,2.25
502,246,2.25
502,84,2.25
503,416,2.25
504,2,2.25
504,219,2.25
505,235,2.25
505,9,2.25
505,255,2.25
505,214,2.25
505,13,2.25
505,1,2.25
505,252,2.25
505,4,2.25
505,8,2.25
505,246,2.25
505,253,2.25
505,256,2.25
506,215,2.25
506,251,2.25
506,234,2.25
506,3,2.25
506,252,2.25
507,251,2.25
507,241,2.25
507,17,2.25
507,205,2.25
507,219,2.25
507,10,2.25
507,246,2.25
507,248,2.25
507,256,2.25
507,247,2.25
508,2,2.25
508,239,2.25
508,8,2.25
508,940,2.25
509,241,2.25
509,7,2.25
509,12,2.25
509,245,2.25
509,212,2.25
509,13,2.25
509,764,2.25
509,286,2.25
509,584,2.25
509,148,2.25
509,341,2.25
509,414,2.25
509,930,2.25
509,938,2.25
509,748,2.25
509,924,2.25
509,929,2.25
509,1312,2.25
509,1314,2.25
509,1323,2.25
509,1325,2.25
510,431,2.25
510,1328,2.25
510,1329,2.25
510,1330,2.25
513,7,2.25
513,2,2.25
513,236,2.25
514,7,2.25
514,17,2.25
514,211,2.25
514,207,2.25
514,8,2.25
514,1334,2.25
515,241,2.25
515,206,2.25
515,220,2.25
515,235,2.25
515,236,2.25
515,12,2.25
515,3,2.25
515,10,2.25
515,13,2.25
516,17,2.25
516,219,2.25
517,215,2.25
517,213,2.25
517,17,2.25
517,216,2.25
517,212,2.25
517,4,2.25
517,207,2.25
517,253,2.25
518,250,2.25
518,7,2.25
518,121,2.25
518,3,2.25
518,219,2.25
519,250,2.25
519,17,2.25
519,245,2.25
519,13,2.25
519,877,2.25
520,215,2.25
520,241,2.25
520,7,2.25
520,220,2.25
520,216,2.25
520,207,2.25
520,8,2.25
520,6,2.25
520,253,2.25
522,12,2.25
522,1,2.25
522,84,2.25
523,251,2.25
523,7,2.25
523,236,2.25
523,255,2.25
523,257,2.25
524,2,2.25
524,207,2.25
524,525,2.25
525,11,2.25
526,9,2.25
526,1,2.25
526,4,2.25
526,84,2.25
527,235,2.25
527,255,2.25
528,7,2.25
528,3,2.25
528,246,2.25
530,250,2.25
530,7,2.25
530,220,2.25
530,17,2.25
530,2,2.25
530,235,2.25
530,255,2.25
530,214,2.25
530,3,2.25
530,219,2.25
530,1,2.25
530,8,2.25
530,246,2.25
530,247,2.25
531,299,2.25
533,250,2.25
533,236,2.25
533,604,2.25
533,525,2.25
533,984,2.25
533,550,2.25
533,167,2.25
533,266,2.25
533,383,2.25
533,739,2.25
533,941,2.25
534,214,2.25
534,245,2.25
535,215,2.25
535,206,2.25
535,17,2.25
535,205,2.25
535,245,2.25
535,219,2.25
535,254,2.25
535,10,2.25
535,257,2.25
535,233,2.25
535,210,2.25
535,247,2.25
536,213,2.25
536,5,2.25
536,219,2.25
536,10,2.25
536,1,2.25
536,4,2.25
537,251,2.25
537,211,2.25
537,239,2.25
537,244,2.25
537,10,2.25
537,1,2.25
537,257,2.25
537,253,2.25
537,247,2.25
538,215,2.25
538,213,2.25
538,11,2.25
538,210,2.25
538,256,2.25
539,5,2.25
539,211,2.25
539,217,2.25
539,3,2.25
539,254,2.25
539,10,2.25
539,6,2.25
539,210,2.25
539,253,2.25
539,256,2.25
540,220,2.25
540,4,2.25
541,241,2.25
541,234,2.25
541,11,2.25
541,242,2.25
541,434,2.25
541,297,2.25
542,9,2.25
542,211,2.25
544,215,2.25
544,241,2.25
544,5,2.25
544,17,2.25
544,236,2.25
544,255,2.25
544,234,2.25
544,214,2.25
544,10,2.25
544,233,2.25
544,248,2.25
544,249,2.25
545,13,2.25
546,245,2.25
546,1,2.25
546,1349,2.25
546,1348,2.25
546,592,2.25
546,318,2.25
546,900,2.25
547,250,2.25
547,241,2.25
547,206,2.25
547,2,2.25
547,12,2.25
547,121,2.25
547,211,2.25
547,3,2.25
547,10,2.25
547,257,2.25
548,7,2.25
548,220,2.25
548,235,2.25
548,216,2.25
548,211,2.25
548,3,2.25
548,254,2.25
548,244,2.25
548,257,2.25
548,210,2.25
549,251,2.25
549,213,2.25
549,7,2.25
549,236,2.25
549,217,2.25
549,254,2.25
549,252,2.25
549,257,2.25
549,233,2.25
549,6,2.25
549,84,2.25
549,256,2.25
550,213,2.25
550,220,2.25
550,235,2.25
550,217,2.25
550,254,2.25
550,207,2.25
550,270,2.25
550,84,2.25
551,7,2.25
552,241,2.25
552,10,2.25
552,13,2.25
553,205,2.25
553,10,2.25
553,1,2.25
553,210,2.25
554,5,2.25
554,4,2.25
555,215,2.25
555,213,2.25
555,220,2.25
555,2,2.25
555,211,2.25
555,205,2.25
555,3,2.25
555,219,2.25
555,207,2.25
555,8,2.25
555,253,2.25
555,256,2.25
556,2,2.25
556,638,2.25
556,434,2.25
557,7,2.25
557,17,2.25
557,216,2.25
557,214,2.25
557,245,2.25
557,254,2.25
557,6,2.25
558,13,2.25
559,250,2.25
559,213,2.25
559,2,2.25
559,211,2.25
559,217,2.25
559,239,2.25
559,254,2.25
559,249,2.25
560,11,2.25
560,253,2.25
561,215,2.25
561,235,2.25
561,121,2.25
561,216,2.25
561,211,2.25
561,3,2.25
561,11,2.25
561,257,2.25
561,6,2.25
561,210,2.25
561,246,2.25
562,205,2.25
562,781,2.25
562,242,2.25
562,805,2.25
562,477,2.25
563,7,2.25
563,3,2.25
563,442,2.25
564,11,2.25
564,257,2.25
566,213,2.25
566,5,2.25
566,220,2.25
566,2,2.25
566,12,2.25
566,9,2.25
566,216,2.25
566,255,2.25
566,211,2.25
566,245,2.25
566,239,2.25
566,13,2.25
566,243,2.25
567,7,2.25
567,12,2.25
567,219,2.25
567,1,2.25
568,220,2.25
568,17,2.25
568,842,2.25
568,1281,2.25
568,1282,2.25
569,213,2.25
569,9,2.25
569,214,2.25
569,4,2.25
569,207,2.25
569,6,2.25
569,247,2.25
570,215,2.25
570,241,2.25
570,121,2.25
570,216,2.25
570,219,2.25
570,10,2.25
570,1355,2.25
571,255,2.25
571,214,2.25
571,245,2.25
571,254,2.25
571,257,2.25
571,4,2.25
571,243,2.25
572,7,2.25
572,13,2.25
572,1027,2.25
573,7,2.25
573,2,2.25
574,9,2.25
575,9,2.25
575,13,2.25
576,236,2.25
576,12,2.25
576,121,2.25
576,219,2.25
576,11,2.25
576,10,2.25
576,4,2.25
576,249,2.25
577,211,2.25
578,236,2.25
578,451,2.25
578,1364,2.25
579,17,2.25
579,13,2.25
579,207,2.25
580,5,2.25
580,220,2.25
580,255,2.25
580,239,2.25
580,10,2.25
580,233,2.25
580,248,2.25
581,7,2.25
583,5,2.25
583,3,2.25
583,8,2.25
585,251,2.25
585,213,2.25
585,2,2.25
585,11,2.25
585,257,2.25
585,4,2.25
586,215,2.25
586,2,2.25
586,205,2.25
586,3,2.25
587,215,2.25
587,7,2.25
587,234,2.25
587,244,2.25
587,13,2.25
587,339,2.25
587,638,2.25
587,336,2.25
587,612,2.25
587,807,2.25
588,250,2.25
588,6,2.25
588,872,2.25
588,1193,2.25
588,806,2.25
588,670,2.25
588,671,2.25
589,215,2.25
589,251,2.25
589,220,2.25
589,9,2.25
589,255,2.25
589,205,2.25
589,3,2.25
589,1183,2.25
590,251,2.25
590,12,2.25
590,247,2.25
591,781,2.25
591,293,2.25
591,696,2.25
591,585,2.25
591,287,2.25
591,307,2.25
591,274,2.25
591,739,2.25
592,235,2.25
592,12,2.25
592,4,2.25
593,7,2.25
593,211,2.25
593,245,2.25
594,239,2.25
597,216,2.25
597,205,2.25
597,219,2.25
597,4,2.25
597,207,2.25
597,233,2.25
598,17,2.25
598,235,2.25
598,11,2.25
598,10,2.25
598,207,2.25
599,13,2.25
600,241,2.25
600,2,2.25
600,4,2.25
601,12,2.25
601,121,2.25
601,217,2.25
601,205,2.25
601,239,2.25
601,11,2.25
601,244,2.25
601,10,2.25
601,257,2.25
602,215,2.25
603,215,2.25
603,7,2.25
603,17,2.25
603,239,2.25
603,207,2.25
604,2,2.25
606,236,2.25
606,12,2.25
606,254,2.25
606,8,2.25
606,253,2.25
606,248,2.25
606,249,2.25
606,247,2.25
607,11,2.25
608,206,2.25
608,220,2.25
608,17,2.25
608,11,2.25
608,10,2.25
608,13,2.25
608,4,2.25
608,247,2.25
608,1373,2.25
610,215,2.25
610,17,2.25
610,257,2.25
610,8,2.25
610,246,2.25
610,84,2.25
613,251,2.25
613,5,2.25
613,2,2.25
613,236,2.25
613,9,2.25
613,217,2.25
613,205,2.25
613,11,2.25
613,207,2.25
613,253,2.25
613,84,2.25
613,247,2.25
614,12,2.25
614,219,2.25
614,212,2.25
614,13,2.25
614,252,2.25
614,4,2.25
614,1055,2.25
615,17,2.25
615,216,2.25
615,255,2.25
615,3,2.25
615,252,2.25
615,233,2.25
616,220,2.25
616,3,2.25
616,1,2.25
616,769,2.25
616,541,2.25
616,898,2.25
616,376,2.25
617,215,2.25
617,250,2.25
617,251,2.25
617,2,2.25
618,17,2.25
618,216,2.25
618,96,2.25
620,235,2.25
620,245,2.25
620,3,2.25
622,250,2.25
622,251,2.25
622,5,2.25
622,211,2.25
622,3,2.25
622,4,2.25
622,246,2.25
623,215,2.25
623,2,2.25
623,11,2.25
623,1,2.25
625,213,2.25
625,5,2.25
625,7,2.25
625,214,2.25
625,239,2.25
625,11,2.25
625,10,2.25
625,252,2.25
626,236,2.25
626,9,2.25
626,216,2.25
626,219,2.25
626,207,2.25
626,8,2.25
626,477,2.25
626,499,2.25
626,657,2.25
626,284,2.25
626,523,2.25
626,983,2.25
626,1195,2.25
626,582,2.25
626,1385,2.25
626,1383,2.25
626,100,2.25
626,729,2.25
626,1379,2.25
626,1050,2.25
626,1391,2.25
628,215,2.25
628,251,2.25
628,7,2.25
628,17,2.25
628,217,2.25
628,10,2.25
628,1,2.25
628,253,2.25
628,550,2.25
629,213,2.25
629,245,2.25
629,219,2.25
629,1,2.25
630,241,2.25
630,9,2.25
630,239,2.25
630,3,2.25
630,207,2.25
630,233,2.25
630,253,2.25
630,247,2.25
631,215,2.25
631,2,2.25
631,12,2.25
631,9,2.25
631,217,2.25
631,245,2.25
631,219,2.25
631,10,2.25
631,253,2.25
631,248,2.25
631,243,2.25
632,8,2.25
633,5,2.25
633,216,2.25
633,234,2.25
633,217,2.25
633,205,2.25
633,214,2.25
633,239,2.25
633,11,2.25
633,10,2.25
633,13,2.25
633,6,2.25
633,246,2.25
634,215,2.25
634,17,2.25
634,12,2.25
634,207,2.25
636,159,2.25
638,250,2.25
638,17,2.25
638,216,2.25
638,211,2.25
638,3,2.25
638,11,2.25
638,10,2.25
638,335,2.25
638,446,2.25
640,1,2.25
640,1404,2.25
640,1400,2.25
640,1402,2.25
641,9,2.25
641,239,2.25
642,10,2.25
643,13,2.25
643,207,2.25
643,218,2.25
644,1,2.25
644,777,2.25
645,241,2.25
645,236,2.25
645,496,2.25
645,1406,2.25
646,215,2.25
646,205,2.25
647,3,2.25
647,665,2.25
647,777,2.25
648,5,2.25
648,7,2.25
648,239,2.25
648,233,2.25
649,4,2.25
650,17,2.25
650,236,2.25
650,205,2.25
650,1,2.25
650,253,2.25
650,84,2.25
652,17,2.25
652,205,2.25
653,250,2.25
653,236,2.25
653,239,2.25
653,3,2.25
653,10,2.25
653,233,2.25
654,10,2.25
654,1,2.25
655,12,2.25
656,12,2.25
656,239,2.25
657,5,2.25
657,220,2.25
657,235,2.25
657,9,2.25
657,121,2.25
657,211,2.25
657,217,2.25
657,205,2.25
657,1,2.25
657,252,2.25
657,233,2.25
657,248,2.25
657,256,2.25
658,220,2.25
658,12,2.25
658,214,2.25
658,219,2.25
658,257,2.25
659,3,2.25
659,347,2.25
659,1174,2.25
660,250,2.25
660,251,2.25
660,241,2.25
660,7,2.25
660,17,2.25
660,211,2.25
660,1,2.25
660,8,2.25
660,6,2.25
661,250,2.25
661,251,2.25
661,5,2.25
661,206,2.25
661,234,2.25
661,239,2.25
661,10,2.25
661,4,2.25
661,248,2.25
662,2,2.25
662,236,2.25
662,216,2.25
662,219,2.25
662,11,2.25
662,4,2.25
662,8,2.25
662,1177,2.25
663,235,2.25
663,211,2.25
663,205,2.25
663,3,2.25
663,219,2.25
663,4,2.25
664,7,2.25
665,246,2.25
666,220,2.25
666,216,2.25
666,234,2.25
666,10,2.25
666,252,2.25
666,207,2.25
666,246,2.25
667,220,2.25
667,17,2.25
667,235,2.25
667,9,2.25
667,217,2.25
667,214,2.25
667,219,2.25
667,212,2.25
667,254,2.25
667,257,2.25
667,253,2.25
667,247,2.25
668,250,2.25
668,205,2.25
668,219,2.25
668,207,2.25
668,305,2.25
669,206,2.25
669,245,2.25
669,219,2.25
669,254,2.25
669,4,2.25
669,8,2.25
669,246,2.25
669,243,2.25
670,215,2.25
670,3,2.25
670,13,2.25
670,1,2.25
670,8,2.25
670,307,2.25
670,659,2.25
670,240,2.25
670,1219,2.25
670,96,2.25
670,1173,2.25
670,297,2.25
670,1072,2.25
670,777,2.25
670,1014,2.25
670,1108,2.25
670,1133,2.25
670,1139,2.25
670,1145,2.25
670,1153,2.25
670,1156,2.25
670,1158,2.25
670,1313,2.25
670,1409,2.25
670,1411,2.25
670,1413,2.25
670,1421,2.25
670,1425,2.25
670,1431,2.25
670,1435,2.25
670,1438,2.25
671,5,2.25
671,220,2.25
671,205,2.25
671,245,2.25
671,207,2.25
671,218,2.25
672,213,2.25
672,7,2.25
672,220,2.25
672,9,2.25
672,219,2.25
672,244,2.25
672,13,2.25
672,1,2.25
672,6,2.25
672,253,2.25
672,84,2.25
672,256,2.25
672,247,2.25
673,121,2.25
673,234,2.25
673,219,2.25
673,212,2.25
673,10,2.25
673,13,2.25
673,257,2.25
673,243,2.25
674,216,2.25
674,239,2.25
674,11,2.25
674,10,2.25
674,207,2.25
674,8,2.25
674,233,2.25
674,253,2.25
675,241,2.25
675,2,2.25
675,239,2.25
675,257,2.25
675,8,2.25
676,12,2.25
677,255,2.25
677,10,2.25
677,1,2.25
677,233,2.25
677,6,2.25
677,249,2.25
677,256,2.25
678,13,2.25
679,215,2.25
679,2,2.25
680,235,2.25
680,207,2.25
681,215,2.25
681,12,2.25
682,4,2.25
683,241,2.25
683,239,2.25
683,13,2.25
683,4,2.25
683,253,2.25
683,318,2.25
683,512,2.25
684,234,2.25
684,4,2.25
685,17,2.25
685,234,2.25
685,13,2.25
685,1,2.25
685,210,2.25
685,246,2.25
686,1,2.25
687,17,2.25
687,257,2.25
690,84,2.25
691,9,2.25
692,217,2.25
692,239,2.25
693,250,2.25
693,213,2.25
693,205,2.25
693,6,2.25
695,236,2.25
695,12,2.25
695,121,2.25
695,205,2.25
695,3,2.25
695,11,2.25
696,2,2.25
697,583,2.25
697,1446,2.25
701,2,2.25
702,1488,2.25
702,659,2.25
702,1459,2.25
702,1060,2.25
702,519,2.25
702,1477,2.25
702,616,2.25
702,1173,2.25
702,1451,2.25
702,779,2.25
702,1486,2.25
702,1044,2.25
702,586,2.25
702,446,2.25
702,870,2.25
702,991,2.25
702,1041,2.25
702,1049,2.25
702,1050,2.25
702,1065,2.25
702,1066,2.25
702,1313,2.25
702,1363,2.25
702,1365,2.25
702,1376,2.25
702,1424,2.25
702,1425,2.25
702,1461,2.25
702,1463,2.25
702,1468,2.25
702,1470,2.25
702,1475,2.25
702,1480,2.25
702,1483,2.25
702,1489,2.25
702,1492,2.25
702,1499,2.25
704,12,2.25
705,5,2.25
705,217,2.25
705,205,2.25
705,214,2.25
705,245,2.25
705,254,2.25
705,252,2.25
705,6,2.25
706,7,2.25
706,205,2.25
706,239,2.25
706,219,2.25
706,1,2.25
707,7,2.25
707,235,2.25
708,1076,2.25
709,10,2.25
710,5,2.25
710,220,2.25
711,9,2.25
711,217,2.25
711,205,2.25
711,239,2.25
711,212,2.25
711,13,2.25
711,8,2.25
712,220,2.25
712,121,2.25
713,7,2.25
713,17,2.25
713,3,2.25
713,8,2.25
714,250,2.25
714,241,2.25
714,236,2.25
714,255,2.25
714,245,2.25
714,11,2.25
714,10,2.25
714,257,2.25
714,8,2.25
714,210,2.25
715,7,2.25
715,206,2.25
715,2,2.25
715,11,2.25
716,213,2.25
716,206,2.25
716,234,2.25
716,217,2.25
716,245,2.25
716,11,2.25
716,10,2.25
716,6,2.25
716,84,2.25
716,1123,2.25
717,9,2.25
717,11,2.25
719,251,2.25
719,220,2.25
719,236,2.25
719,216,2.25
719,219,2.25
719,254,2.25
719,1,2.25
719,210,2.25
719,84,2.25
719,256,2.25
719,243,2.25
720,215,2.25
722,13,2.25
723,205,2.25
724,17,2.25
724,211,2.25
724,214,2.25
724,10,2.25
724,13,2.25
724,8,2.25
724,233,2.25
725,2,2.25
725,299,2.25
725,843,2.25
725,595,2.25
725,677,2.25
725,759,2.25
726,250,2.25
726,236,2.25
726,217,2.25
726,205,2.25
726,245,2.25
726,239,2.25
726,233,2.25
726,210,2.25
727,5,2.25
727,17,2.25
727,2,2.25
727,205,2.25
727,3,2.25
727,257,2.25
727,6,2.25
728,216,2.25
728,1516,2.25
728,1517,2.25
729,241,2.25
729,220,2.25
729,12,2.25
729,121,2.25
729,216,2.25
729,211,2.25
729,217,2.25
729,219,2.25
729,257,2.25
729,4,2.25
729,207,2.25
729,6,2.25
729,253,2.25
729,84,2.25
730,215,2.25
730,5,2.25
730,7,2.25
730,211,2.25
730,214,2.25
730,245,2.25
730,10,2.25
730,207,2.25
730,233,2.25
730,246,2.25
731,5,2.25
731,219,2.25
731,13,2.25
732,2,2.25
732,13,2.25
732,940,2.25
732,307,2.25
732,1518,2.25
733,318,2.25
734,211,2.25
734,245,2.25
734,247,2.25
735,2,2.25
735,3,2.25
735,13,2.25
735,8,2.25
735,246,2.25
736,220,2.25
736,1,2.25
737,219,2.25
737,1,2.25
737,4,2.25
737,233,2.25
738,215,2.25
738,7,2.25
738,216,2.25
738,214,2.25
738,11,2.25
739,347,2.25
739,478,2.25
739,1516,2.25
739,410,2.25
739,310,2.25
740,7,2.25
740,234,2.25
740,233,2.25
741,7,2.25
741,17,2.25
741,12,2.25
743,17,2.25
743,2,2.25
744,5,2.25
744,17,2.25
744,205,2.25
744,245,2.25
744,3,2.25
744,1,2.25
745,241,2.25
745,12,2.25
745,10,2.25
746,251,2.25
746,241,2.25
746,235,2.25
746,239,2.25
746,11,2.25
746,246,2.25
746,270,2.25
746,84,2.25
746,249,2.25
747,5,2.25
747,7,2.25
747,235,2.25
747,216,2.25
747,239,2.25
747,13,2.25
747,233,2.25
747,246,2.25
747,253,2.25
747,248,2.25
747,249,2.25
748,215,2.25
748,212,2.25
749,17,2.25
749,257,2.25
750,215,2.25
750,213,2.25
750,9,2.25
750,214,2.25
750,212,2.25
750,254,2.25
750,10,2.25
750,13,2.25
750,4,2.25
750,6,2.25
750,210,2.25
750,1237,2.25
750,248,2.25
750,243,2.25
750,27,2.25
750,68,2.25
751,2,2.25
752,11,2.25
754,5,2.25
754,257,2.25
756,5,2.25
756,12,2.25
756,1,2.25
756,207,2.25
756,233,2.25
757,17,2.25
757,12,2.25
757,9,2.25
757,216,2.25
757,10,2.25
757,13,2.25
757,233,2.25
757,6,2.25
757,247,2.25
758,2,2.25
759,251,2.25
759,206,2.25
759,9,2.25
759,216,2.25
759,211,2.25
759,217,2.25
759,3,2.25
759,207,2.25
759,233,2.25
760,7,2.25
760,220,2.25
760,235,2.25
760,12,2.25
760,217,2.25
760,245,2.25
760,239,2.25
760,219,2.25
760,4,2.25
760,207,2.25
760,8,2.25
760,6,2.25
760,253,2.25
761,215,2.25
761,213,2.25
761,5,2.25
761,17,2.25
761,236,2.25
761,234,2.25
761,254,2.25
761,4,2.25
762,251,2.25
762,7,2.25
762,206,2.25
762,236,2.25
762,8,2.25
762,256,2.25
763,7,2.25
763,11,2.25
763,207,2.25
764,235,2.25
764,205,2.25
764,781,2.25
764,723,2.25
764,286,2.25
764,1393,2.25
764,318,2.25
764,698,2.25
764,715,2.25
764,392,2.25
764,941,2.25
764,1370,2.25
765,11,2.25
765,13,2.25
766,250,2.25
766,17,2.25
766,8,2.25
768,207,2.25
769,10,2.25
769,583,2.25
769,247,2.25
769,377,2.25
769,1533,2.25
769,1523,2.25
769,1532,2.25
769,385,2.25
769,1526,2.25
769,1531,2.25
770,7,2.25
772,1,2.25
772,257,2.25
772,210,2.25
774,4,2.25
774,836,2.25
775,17,2.25
776,9,2.25
776,216,2.25
776,255,2.25
776,219,2.25
776,1,2.25
776,207,2.25
777,213,2.25
777,235,2.25
777,12,2.25
777,217,2.25
777,3,2.25
777,219,2.25
777,13,2.25
777,253,2.25
778,11,2.25
779,13,2.25
780,17,2.25
780,257,2.25
780,233,2.25
780,210,2.25
780,84,2.25
781,250,2.25
781,206,2.25
781,236,2.25
781,9,2.25
781,234,2.25
781,219,2.25
781,13,2.25
781,4,2.25
781,8,2.25
781,233,2.25
781,6,2.25
781,210,2.25
781,253,2.25
782,5,2.25
782,206,2.25
782,17,2.25
782,205,2.25
783,213,2.25
783,2,2.25
783,1,2.25
784,235,2.25
784,12,2.25
784,121,2.25
784,216,2.25
784,255,2.25
784,234,2.25
784,214,2.25
784,11,2.25
784,252,2.25
784,210,2.25
784,84,2.25
784,256,2.25
785,5,2.25
785,2,2.25
785,10,2.25
786,235,2.25
786,1,2.25
787,12,2.25
788,215,2.25
788,245,2.25
788,11,2.25
788,244,2.25
788,10,2.25
788,1,2.25
788,207,2.25
788,253,2.25
788,243,2.25
789,17,2.25
789,2,2.25
789,12,2.25
789,207,2.25
790,250,2.25
790,213,2.25
790,241,2.25
790,2,2.25
790,216,2.25
790,205,2.25
790,214,2.25
790,245,2.25
790,212,2.25
790,252,2.25
790,210,2.25
791,235,2.25
793,220,2.25
793,12,2.25
793,121,2.25
793,205,2.25
793,4,2.25
794,217,2.25
794,219,2.25
794,11,2.25
794,10,2.25
794,1,2.25
794,207,2.25
795,251,2.25
795,220,2.25
795,216,2.25
795,234,2.25
795,219,2.25
795,4,2.25
795,6,2.25
796,7,2.25
797,215,2.25
797,250,2.25
797,241,2.25
797,12,2.25
797,239,2.25
797,10,2.25
797,8,2.25
797,233,2.25
797,243,2.25
800,251,2.25
800,2,2.25
800,216,2.25
800,211,2.25
800,217,2.25
800,245,2.25
800,212,2.25
800,10,2.25
800,1,2.25
800,252,2.25
800,247,2.25
805,215,2.25
805,9,2.25
805,234,2.25
806,1540,2.25
807,215,2.25
807,17,2.25
810,206,2.25
810,12,2.25
810,9,2.25
812,17,2.25
812,12,2.25
812,217,2.25
812,207,2.25
812,400,2.25
812,1513,2.25
812,366,2.25
812,661,2.25
812,662,2.25
812,663,2.25
812,808,2.25
812,1053,2.25
812,1546,2.25
812,1548,2.25
812,1553,2.25
813,235,2.25
813,8,2.25
813,1556,2.25
813,1557,2.25
814,241,2.25
814,7,2.25
814,206,2.25
814,9,2.25
814,255,2.25
814,205,2.25
814,3,2.25
814,219,2.25
814,10,2.25
814,1,2.25
814,4,2.25
814,210,2.25
814,246,2.25
815,213,2.25
815,241,2.25
815,1,2.25
815,257,2.25
815,84,2.25
815,1166,2.25
815,1168,2.25
815,1179,2.25
817,241,2.25
817,2,2.25
817,12,2.25
817,234,2.25
817,217,2.25
817,252,2.25
817,249,2.25
817,243,2.25
818,213,2.25
818,2,2.25
818,12,2.25
818,211,2.25
818,217,2.25
818,239,2.25
818,1,2.25
818,8,2.25
818,253,2.25
818,84,2.25
818,248,2.25
818,256,2.25
818,243,2.25
819,215,2.25
819,5,2.25
819,2,2.25
819,9,2.25
821,251,2.25
821,235,2.25
821,216,2.25
821,3,2.25
821,252,2.25
821,207,2.25
821,8,2.25
821,233,2.25
821,253,2.25
822,7,2.25
823,207,2.25
825,294,2.25
825,432,2.25
825,400,2.25
825,73,2.25
825,274,2.25
825,681,2.25
826,5,2.25
826,206,2.25
826,2,2.25
826,236,2.25
826,217,2.25
826,219,2.25
826,210,2.25
826,253,2.25
826,84,2.25
826,256,2.25
827,861,2.25
828,239,2.25
828,218,2.25
829,213,2.25
829,10,2.25
829,8,2.25
829,491,2.25
830,241,2.25
830,3,2.25
830,207,2.25
830,425,2.25
830,55,2.25
830,307,2.25
830,1026,2.25
830,300,2.25
830,130,2.25
830,35,2.25
830,66,2.25
830,71,2.25
830,118,2.25
830,136,2.25
830,661,2.25
830,1256,2.25
830,1301,2.25
831,787,2.25
831,383,2.25
831,377,2.25
831,1574,2.25
831,1579,2.25
831,1570,2.25
833,4,2.25
834,17,2.25
834,235,2.25
836,251,2.25
836,241,2.25
836,7,2.25
836,220,2.25
836,121,2.25
836,234,2.25
836,211,2.25
836,219,2.25
836,253,2.25
836,1588,2.25
836,248,2.25
836,1584,2.25
836,1586,2.25
837,251,2.25
837,2,2.25
837,591,2.25
838,215,2.25
838,2,2.25
838,235,2.25
838,211,2.25
838,239,2.25
838,1,2.25
838,257,2.25
838,944,2.25
838,968,2.25
839,7,2.25
839,236,2.25
839,255,2.25
839,11,2.25
839,1029,2.25
839,221,2.25
839,223,2.25
839,226,2.25
839,227,2.25
839,230,2.25
839,231,2.25
839,232,2.25
839,413,2.25
840,235,2.25
840,121,2.25
840,255,2.25
840,8,2.25
841,4,2.25
841,1566,2.25
842,17,2.25
842,9,2.25
842,217,2.25
842,245,2.25
842,244,2.25
842,252,2.25
842,4,2.25
842,781,2.25
842,489,2.25
842,675,2.25
842,249,2.25
842,1075,2.25
842,240,2.25
842,743,2.25
842,461,2.25
842,1077,2.25
843,215,2.25
843,213,2.25
843,234,2.25
843,11,2.25
843,1517,2.25
844,7,2.25
844,207,2.25
845,251,2.25
845,17,2.25
845,12,2.25
845,216,2.25
845,234,2.25
845,205,2.25
845,239,2.25
845,1,2.25
845,585,2.25
845,406,2.25
845,519,2.25
845,616,2.25
845,1604,2.25
845,1603,2.25
845,1614,2.25
845,1610,2.25
845,1607,2.25
845,1072,2.25
845,21,2.25
846,215,2.25
846,251,2.25
846,241,2.25
846,9,2.25
846,11,2.25
847,250,2.25
847,213,2.25
847,206,2.25
847,235,2.25
847,12,2.25
847,205,2.25
847,257,2.25
847,4,2.25
847,8,2.25
847,1221,2.25
847,1195,2.25
847,348,2.25
847,1059,2.25
847,662,2.25
847,999,2.25
847,1001,2.25
847,1620,2.25
847,1624,2.25
848,318,2.25
848,656,2.25
848,1274,2.25
848,560,2.25
849,7,2.25
849,3,2.25
849,746,2.25
849,1631,2.25
849,1632,2.25
851,251,2.25
851,17,2.25
851,214,2.25
851,245,2.25
851,239,2.25
851,219,2.25
851,13,2.25
851,8,2.25
851,246,2.25
851,253,2.25
851,248,2.25
852,250,2.25
852,241,2.25
852,5,2.25
852,2,2.25
852,214,2.25
852,239,2.25
852,212,2.25
852,11,2.25
852,248,2.25
852,249,2.25
852,256,2.25
852,247,2.25
853,8,2.25
854,215,2.25
854,213,2.25
854,241,2.25
854,235,2.25
854,243,2.25
856,257,2.25
857,218,2.25
859,17,2.25
859,12,2.25
859,219,2.25
859,11,2.25
859,10,2.25
859,8,2.25
859,233,2.25
860,205,2.25
861,233,2.25
861,336,2.25
861,1637,2.25
862,17,2.25
862,2,2.25
862,207,2.25
862,476,2.25
863,251,2.25
863,213,2.25
863,17,2.25
863,12,2.25
863,3,2.25
863,219,2.25
864,250,2.25
864,213,2.25
864,5,2.25
864,220,2.25
864,2,2.25
864,216,2.25
864,255,2.25
864,219,2.25
864,212,2.25
864,11,2.25
864,244,2.25
864,13,2.25
864,1,2.25
864,233,2.25
864,253,2.25
864,256,2.25
864,243,2.25
865,250,2.25
865,234,2.25
865,3,2.25
865,11,2.25
865,1,2.25
865,8,2.25
865,233,2.25
865,84,2.25
865,256,2.25
866,2,2.25
867,5,2.25
867,17,2.25
867,2,2.25
867,245,2.25
867,239,2.25
867,244,2.25
867,252,2.25
867,257,2.25
867,246,2.25
867,84,2.25
868,8,2.25
869,2,2.25
870,17,2.25
871,2,2.25
871,216,2.25
871,255,2.25
871,245,2.25
871,239,2.25
871,254,2.25
871,257,2.25
871,8,2.25
871,233,2.25
872,17,2.25
872,207,2.25
872,8,2.25
873,241,2.25
873,2,2.25
873,3,2.25
873,383,2.25
874,215,2.25
874,251,2.25
874,211,2.25
874,214,2.25
874,212,2.25
874,254,2.25
874,10,2.25
874,4,2.25
874,207,2.25
874,256,2.25
874,247,2.25
875,219,2.25
875,11,2.25
876,205,2.25
877,4,2.25
878,234,2.25
878,11,2.25
878,252,2.25
878,8,2.25
878,6,2.25
878,253,2.25
878,256,2.25
879,251,2.25
879,7,2.25
879,2,2.25
879,12,2.25
879,211,2.25
879,205,2.25
879,214,2.25
879,3,2.25
879,219,2.25
879,11,2.25
879,1,2.25
879,233,2.25
880,2,2.25
880,121,2.25
881,10,2.25
882,9,2.25
882,219,2.25
883,251,2.25
883,234,2.25
883,205,2.25
883,11,2.25
883,257,2.25
883,8,2.25
887,215,2.25
888,235,2.25
888,255,2.25
888,4,2.25
889,189,2.25
890,17,2.25
890,2,2.25
890,12,2.25
890,216,2.25
890,212,2.25
891,5,2.25
891,239,2.25
891,207,2.25
891,286,2.25
891,265,2.25
891,269,2.25
891,1084,2.25
891,1094,2.25
891,1102,2.25
891,1111,2.25
892,361,2.25
892,1136,2.25
893,377,2.25
894,7,2.25
894,205,2.25
894,4,2.25
894,698,2.25
895,3,2.25
896,7,2.25
896,121,2.25
896,254,2.25
896,13,2.25
896,8,2.25
896,246,2.25
896,253,2.25
896,256,2.25
896,247,2.25
897,1,2.25
898,397,2.25
898,585,2.25
898,26,2.25
898,442,2.25
898,1199,2.25
898,1202,2.25
898,1292,2.25
899,220,2.25
899,239,2.25
899,10,2.25
899,257,2.25
899,1122,2.25
900,2,2.25
900,235,2.25
900,9,2.25
900,211,2.25
900,245,2.25
900,244,2.25
900,84,2.25
902,3,2.25
902,207,2.25
902,1542,2.25
903,5,2.25
903,255,2.25
903,205,2.25
903,11,2.25
903,207,2.25
905,251,2.25
905,5,2.25
905,206,2.25
905,220,2.25
905,17,2.25
905,2,2.25
905,235,2.25
905,219,2.25
905,244,2.25
905,13,2.25
905,4,2.25
905,253,2.25
905,318,2.25
906,11,2.25
907,251,2.25
907,241,2.25
907,5,2.25
907,220,2.25
907,2,2.25
907,236,2.25
907,12,2.25
907,255,2.25
907,253,2.25
908,251,2.25
908,236,2.25
908,121,2.25
908,255,2.25
908,217,2.25
908,1,2.25
908,249,2.25
909,241,2.25
909,211,2.25
909,214,2.25
909,3,2.25
909,212,2.25
909,244,2.25
909,207,2.25
909,8,2.25
910,215,2.25
910,3,2.25
910,1,2.25
911,215,2.25
911,234,2.25
911,205,2.25
911,253,2.25
912,213,2.25
912,11,2.25
913,235,2.25
913,10,2.25
914,5,2.25
914,7,2.25
914,17,2.25
914,12,2.25
914,239,2.25
914,3,2.25
914,8,2.25
914,6,2.25
914,253,2.25
915,121,2.25
915,234,2.25
916,1445,2.25
916,1446,2.25
917,216,2.25
917,13,2.25
917,248,2.25
917,467,2.25
918,206,2.25
918,235,2.25
918,3,2.25
918,212,2.25
918,10,2.25
918,696,2.25
918,719,2.25
918,84,2.25
918,243,2.25
918,512,2.25
919,234,2.25
919,245,2.25
919,219,2.25
919,249,2.25
920,205,2.25
920,1,2.25
920,246,2.25
921,215,2.25
921,235,2.25
921,12,2.25
921,205,2.25
921,3,2.25
921,244,2.25
921,10,2.25
921,13,2.25
921,252,2.25
921,8,2.25
921,1224,2.25
921,1231,2.25
921,1223,2.25
921,84,2.25
925,234,2.25
925,1,2.25
926,215,2.25
926,13,2.25
927,235,2.25
927,236,2.25
927,1,2.25
928,250,2.25
928,220,2.25
928,9,2.25
928,1,2.25
928,257,2.25
928,84,2.25
929,7,2.25
929,233,2.25
930,213,2.25
930,17,2.25
930,235,2.25
930,121,2.25
930,254,2.25
930,246,2.25
931,206,2.25
931,12,2.25
932,9,2.25
932,10,2.25
932,207,2.25
933,2,2.25
933,1,2.25
935,7,2.25
935,17,2.25
935,244,2.25
935,4,2.25
935,233,2.25
935,210,2.25
936,250,2.25
936,212,2.25
938,12,2.25
938,257,2.25
938,207,2.25
938,1235,2.25
938,1240,2.25
938,1242,2.25
938,1244,2.25
938,1246,2.25
938,1250,2.25
938,1253,2.25
939,7,2.25
939,1661,2.25
939,1663,2.25
940,236,2.25
940,11,2.25
942,217,2.25
942,239,2.25
942,13,2.25
942,1,2.25
942,6,2.25
944,213,2.25
944,241,2.25
944,7,2.25
944,211,2.25
944,3,2.25
944,257,2.25
945,235,2.25
945,239,2.25
945,244,2.25
945,207,2.25
945,233,2.25
946,2,2.25
946,217,2.25
946,212,2.25
946,246,2.25
946,248,2.25
946,247,2.25
947,250,2.25
947,213,2.25
947,206,2.25
947,235,2.25
947,236,2.25
947,234,2.25
947,205,2.25
947,10,2.25
947,252,2.25
947,257,2.25
947,207,2.25
947,253,2.25
947,749,2.25
947,342,2.25
947,1118,2.25
948,241,2.25
948,5,2.25
948,7,2.25
948,206,2.25
948,236,2.25
948,1,2.25
949,12,2.25
949,239,2.25
949,212,2.25
949,11,2.25
949,257,2.25
949,4,2.25
949,233,2.25
949,247,2.25
950,12,2.25
950,9,2.25
950,216,2.25
950,239,2.25
950,10,2.25
950,13,2.25
950,252,2.25
950,257,2.25
951,215,2.25
951,17,2.25
951,236,2.25
951,12,2.25
951,11,2.25
951,13,2.25
952,17,2.25
952,236,2.25
952,3,2.25
952,13,2.25
953,7,2.25
953,8,2.25
957,215,2.25
957,2,2.25
958,215,2.25
958,213,2.25
958,5,2.25
958,7,2.25
958,206,2.25
958,2,2.25
958,235,2.25
958,236,2.25
958,255,2.25
958,245,2.25
958,239,2.25
958,219,2.25
958,254,2.25
958,10,2.25
958,207,2.25
958,248,2.25
959,2,2.25
959,214,2.25
959,239,2.25
959,212,2.25
960,17,2.25
960,1431,2.25
962,7,2.25
962,205,2.25
962,207,2.25
963,769,2.25
963,478,2.25
963,597,2.25
963,1675,2.25
963,355,2.25
963,925,2.25
965,213,2.25
965,241,2.25
965,2,2.25
965,235,2.25
965,121,2.25
965,216,2.25
965,205,2.25
965,245,2.25
965,212,2.25
965,11,2.25
965,257,2.25
965,246,2.25
965,218,2.25
965,397,2.25
965,696,2.25
965,442,2.25
965,694,2.25
967,7,2.25
967,2,2.25
967,9,2.25
967,1,2.25
969,590,2.25
969,769,2.25
969,345,2.25
969,502,2.25
969,705,2.25
969,393,2.25
969,304,2.25
969,947,2.25
969,167,2.25
969,1598,2.25
969,274,2.25
969,798,2.25
969,1702,2.25
969,599,2.25
969,268,2.25
969,1724,2.25
969,295,2.25
969,370,2.25
969,429,2.25
969,861,2.25
969,908,2.25
969,1520,2.25
969,1685,2.25
969,1693,2.25
969,1697,2.25
969,1699,2.25
969,1700,2.25
969,1706,2.25
969,1708,2.25
969,1716,2.25
969,1721,2.25
969,1722,2.25
969,1727,2.25
969,1741,2.25
969,1742,2.25
969,1745,2.25
969,1752,2.25
969,1753,2.25
969,1757,2.25
969,1761,2.25
969,1763,2.25
970,121,2.25
970,234,2.25
970,219,2.25
970,249,2.25
971,213,2.25
971,7,2.25
971,17,2.25
971,217,2.25
971,245,2.25
971,11,2.25
971,207,2.25
971,249,2.25
972,215,2.25
972,5,2.25
972,7,2.25
972,220,2.25
972,236,2.25
972,9,2.25
972,245,2.25
972,256,2.25
973,7,2.25
973,17,2.25
973,236,2.25
976,215,2.25
977,207,2.25
977,8,2.25
978,12,2.25
978,509,2.25
979,206,2.25
979,1,2.25
980,7,2.25
980,11,2.25
981,5,2.25
981,7,2.25
981,3,2.25
981,212,2.25
981,254,2.25
981,11,2.25
981,257,2.25
981,210,2.25
982,9,2.25
982,216,2.25
982,205,2.25
982,245,2.25
982,219,2.25
982,11,2.25
982,210,2.25
982,243,2.25
984,7,2.25
984,121,2.25
984,239,2.25
984,219,2.25
984,212,2.25
984,84,2.25
985,213,2.25
985,2,2.25
987,213,2.25
987,241,2.25
987,7,2.25
987,236,2.25
987,234,2.25
987,244,2.25
987,13,2.25
987,207,2.25
987,248,2.25
987,249,2.25
987,256,2.25
987,243,2.25
988,215,2.25
988,220,2.25
988,2,2.25
988,235,2.25
988,216,2.25
988,211,2.25
988,205,2.25
988,214,2.25
988,233,2.25
988,6,2.25
988,243,2.25
988,247,2.25
989,205,2.25
989,219,2.25
989,11,2.25
989,4,2.25
989,207,2.25
989,8,2.25
989,565,2.25
989,1368,2.25
990,239,2.25
991,215,2.25
991,236,2.25
991,214,2.25
991,239,2.25
991,4,2.25
993,213,2.25
993,13,2.25
994,11,2.25
995,250,2.25
995,241,2.25
995,220,2.25
995,17,2.25
995,216,2.25
995,11,2.25
995,8,2.25
995,253,2.25
995,249,2.25
996,1,2.25
998,207,2.25
998,167,2.25
998,834,2.25
998,1769,2.25
998,1770,2.25
998,1780,2.25
999,17,2.25
999,219,2.25
999,10,2.25
999,689,2.25
999,253,2.25
999,247,2.25
1000,5,2.25
1000,206,2.25
1000,236,2.25
1000,12,2.25
1000,9,2.25
1000,216,2.25
1000,205,2.25
1000,214,2.25
1000,245,2.25
1000,252,2.25
1000,6,2.25
1001,251,2.25
1001,2,2.25
1001,236,2.25
1001,121,2.25
1001,234,2.25
1001,13,2.25
1001,257,2.25
1001,207,2.25
1001,8,2.25
1001,233,2.25
1001,84,2.25
1002,205,2.25
1002,219,2.25
1002,8,2.25
1002,589,2.25
1002,1754,2.25
1003,220,2.25
1003,9,2.25
1003,216,2.25
1003,234,2.25
1003,211,2.25
1003,214,2.25
1003,245,2.25
1003,239,2.25
1003,219,2.25
1003,11,2.25
1003,252,2.25
1003,8,2.25
1003,6,2.25
1003,253,2.25
1003,249,2.25
1004,12,2.25
1004,10,2.25
1004,8,2.25
1004,253,2.25
1004,243,2.25
1006,5,2.25
1006,206,2.25
1006,12,2.25
1006,234,2.25
1006,245,2.25
1006,13,2.25
1006,8,2.25
1006,253,2.25
1006,84,2.25
1006,243,2.25
1006,1551,2.25
1007,235,2.25
1007,236,2.25
1007,219,2.25
1007,207,2.25
1008,2,2.25
1008,234,2.25
1008,205,2.25
1008,1,2.25
1008,4,2.25
1009,215,2.25
1009,220,2.25
1009,4,2.25
1009,8,2.25
1010,215,2.25
1010,205,2.25
1010,1,2.25
1010,257,2.25
1011,9,2.25
1012,213,2.25
1012,13,2.25
1013,213,2.25
1013,9,2.25
1013,3,2.25
1013,13,2.25
1014,215,2.25
1014,213,2.25
1014,216,2.25
1014,219,2.25
1014,11,2.25
1015,9,2.25
1015,3,2.25
1017,572,2.25
1017,343,2.25
1018,2,2.25
1018,219,2.25
1018,278,2.25
1018,845,2.25
1018,1802,2.25
1018,1801,2.25
1019,213,2.25
1019,13,2.25
1019,8,2.25
1019,611,2.25
1019,1073,2.25
1019,1085,2.25
1019,1089,2.25
1020,10,2.25
1021,13,2.25
1022,251,2.25
1022,2,2.25
1022,245,2.25
1022,239,2.25
1022,254,2.25
1023,12,2.25
1023,11,2.25
1024,215,2.25
1024,206,2.25
1024,2,2.25
1024,121,2.25
1024,216,2.25
1024,10,2.25
1025,11,2.25
1027,3,2.25
1029,586,2.25
1030,11,2.25
1030,1,2.25
1030,207,2.25
1030,969,2.25
1033,533,2.25
1034,2,2.25
1034,211,2.25
1034,217,2.25
1034,1655,2.25
1034,903,2.25
1034,620,2.25
1034,465,2.25
1034,42,2.25
1034,303,2.25
1034,441,2.25
1034,863,2.25
1034,1103,2.25
1034,1119,2.25
1034,1415,2.25
1034,1812,2.25
1034,1825,2.25
1034,1827,2.25
1036,12,2.25
1037,8,2.25
1037,1340,2.25
1038,250,2.25
1038,241,2.25
1038,7,2.25
1038,211,2.25
1038,217,2.25
1038,205,2.25
1038,1,2.25
1038,252,2.25
1038,8,2.25
1038,233,2.25
1038,6,2.25
1038,246,2.25
1038,84,2.25
1038,249,2.25
1039,2,2.25
1039,254,2.25
1039,87,2.25
1039,1831,2.25
1039,340,2.25
1039,563,2.25
1039,1257,2.25
1039,267,2.25
1039,534,2.25
1039,1034,2.25
1039,167,2.25
1039,900,2.25
1039,240,2.25
1039,927,2.25
1039,1829,2.25
1039,1038,2.25
1039,1559,2.25
1039,839,2.25
1039,16,2.25
1039,41,2.25
1039,58,2.25
1039,105,2.25
1039,112,2.25
1039,135,2.25
1039,190,2.25
1039,259,2.25
1039,280,2.25
1039,1017,2.25
1039,1100,2.25
1039,1251,2.25
1039,1491,2.25
1040,207,2.25
1041,270,2.25
1041,706,2.25
1041,606,2.25
1041,266,2.25
1042,1695,2.25
1044,7,2.25
1045,17,2.25
1046,5,2.25
1046,121,2.25
1046,214,2.25
1046,239,2.25
1046,212,2.25
1046,254,2.25
1046,13,2.25
1046,210,2.25
1046,246,2.25
1047,17,2.25
1047,211,2.25
1047,3,2.25
1047,11,2.25
1047,13,2.25
1047,207,2.25
1048,245,2.25
1048,239,2.25
1048,10,2.25
1048,207,2.25
1049,220,2.25
